22 | 12 22 (0.016352968514000234) (0.022735889127777832)(0.011762002256298833)
22 | 22 23 (0.06605088881143255) (0.09183199267596232)(0.047507625454393514)
22 | 32 22 (0.02617055884744975) (0.03638549929685227)(0.018823381941252663)
22 | 33 22 (0.017776228651097944) (0.024714678767673238)(0.012785693394058413)
22 | 22 38 (0.08556988497734402) (0.11896967916595647)(0.061546818200810594)
22 | 40 22 (0.012518879981410479) (0.017405272138671837)(0.009004303681109764)
22 | 44 22 (0.010137097711165331) (0.014093828251499935)(0.0072911878995529185)
22 | 53 22 (0.03107935401417451) (0.04321030438138948)(0.022354071783729577)
22 | 57 22 (0.01731149064714767) (0.02406854337505433)(0.012451426900096102)
22 | 22 66 (0.00970140583246195) (0.013488076320919707)(0.006977813061463251)
22 | 22 70 (0.01731149064714767) (0.02406854337505433)(0.012451426900096102)
22 | 22 71 (0.018909027535726736) (0.026289633787181826)(0.013600467973091548)
22 | 72 22 (0.010108051585918439) (0.014053444789461253)(0.007270296243680274)
22 | 22 75 (0.03810851632392239) (0.05298310219475047)(0.02740985250490954)
22 | 77 22 (0.010340420587893575) (0.014376512485770708)(0.00743742949066143)
22 | 22 82 (0.018357151156035784) (0.025522348008446872)(0.013203526511511302)
22 | 22 83 (0.01519112350412455) (0.02112055064623056)(0.010926336021393056)
22 | 84 22 (0.029046125246892065) (0.04038346203868176)(0.020891655872644466)
22 | 22 94 (0.011589403973509934) (0.016113001353434023)(0.008335770693185142)
22 | 113 22 (0.014000232369001974) (0.019464828702644606)(0.010069778130614632)
22 | 116 22 (0.038486115952131986) (0.05350808720125333)(0.027681444031253916)
22 | 22 122 (0.03154409201812478) (0.04385643977400839)(0.02268833827769189)
22 | 124 22 (0.014813523875914954) (0.020595565639727698)(0.010654744495048678)
22 | 125 22 (0.011705588474497501) (0.01627453520158875)(0.00841933731667572)
22 | 22 126 (0.018502381782270247) (0.025724265318640284)(0.013307984790874524)
22 | 22 127 (0.015016846752643198) (0.020878249873998472)(0.01080098608615719)
22 | 22 130 (0.008539560822586266) (0.011872737839372436)(0.006142146826557473)
22 | 132 22 (0.016498199140234693) (0.02293780643797124)(0.011866460535662057)
22 | 136 22 (0.021726501684675263) (0.030206829604933955)(0.01562695859273806)
22 | 137 22 (0.01914139653770187) (0.02661270148349128)(0.013767601220072702)
22 | 22 142 (0.009381898454746136) (0.013043858238494207)(0.006748004846864162)
22 | 144 22 (0.01980945741838039) (0.02754152111038096)(0.014248109305143525)
22 | 22 147 (0.010718020216103172) (0.014901497492273569)(0.007709021017005808)
22 | 149 22 (0.014958754502149414) (0.020797482949921106)(0.0107592027744119)
22 | 161 22 (0.008655745323573836) (0.012034271687527165)(0.006225713450048051)
22 | 22 175 (0.012867433484373185) (0.01788987368313602)(0.009255003551581499)
22 | 22 182 (0.008626699198326943) (0.011993888225488483)(0.006204821794175406)
22 | 22 194 (0.008423376321598699) (0.01171120399121771)(0.006058580203066895)
22 | 201 22 (0.019228534913442546) (0.026733851869607323)(0.013830276187690636)
22 | 22 203 (0.016556291390728478) (0.023018573362048603)(0.011908243847407346)
22 | 220 22 (0.0146392471244336) (0.020353264867495606)(0.01052939455981281)
22 | 22 242 (0.01124085047054723) (0.015628399808969844)(0.008085070822713408)
22 | 22 279 (0.008800975949808295) (0.012236188997720573)(0.0063301717294112735)
22 | 22 314 (0.020767979551527826) (0.028874175357657458)(0.014937533948940793)
22 | 22 319 (0.01786336702683862) (0.024835829153789284)(0.012848368361676346)
22 | 336 22 (0.02701289647960962) (0.037556619695974035)(0.019429239961559354)
22 | 22 343 (0.009672359707215058) (0.013447692858881026)(0.006956921405590607)
22 | 22 351 (0.01629487626350645) (0.02265512220370047)(0.011720218944553546)
22 | 352 22 (0.020332287672824446) (0.028268423427077232)(0.014624159110851126)
22 | 22 359 (0.010108051585918439) (0.014053444789461253)(0.007270296243680274)
22 | 365 22 (0.011211804345300337) (0.01558801634693116)(0.008064179166840765)
22 | 376 22 (0.02785523411176949) (0.03872774009509581)(0.02003509798186604)
22 | 385 22 (0.018473335657023353) (0.025683881856601597)(0.013287093135001881)
22 | 408 22 (0.011618450098756826) (0.016153384815472703)(0.008356662349057787)
22 | 421 22 (0.008946206576042755) (0.012438106307913982)(0.006434630008774495)
22 | 22 426 (0.04110026722435227) (0.05714259878473469)(0.029561693059791918)
22 | 22 427 (0.00900429882653654) (0.012518873231991344)(0.006476413320519785)
22 | 22 431 (0.014900662251655629) (0.020716716025843743)(0.01071741946266661)
22 | 22 442 (0.010630881840362495) (0.014780347106157523)(0.007646346049387875)
22 | 449 22 (0.021290809805971884) (0.02960107767435373)(0.015313583754648393)
22 | 488 22 (0.011327988846287905) (0.015749550195085886)(0.008147745790331342)
22 | 22 494 (0.026751481352387592) (0.0371931685376259)(0.019241215058705553)
22 | 22 495 (0.026083420471709074) (0.03626434891073622)(0.01876070697363473)
22 | 22 498 (0.022133147438131752) (0.0307721980734755)(0.015919441774955082)
22 | 22 503 (0.0073196235622168) (0.010176632433747803)(0.005264697279906405)
22 | 528 22 (0.02053561054955269) (0.028551107661348007)(0.014770400701959637)
22 | 529 22 (0.010863250842337632) (0.015103414802466977)(0.00781347929636903)
22 | 22 530 (0.014000232369001974) (0.019464828702644606)(0.010069778130614632)
22 | 569 22 (0.009207621703264784) (0.012801557466262117)(0.006622654911628296)
22 | 573 22 (0.012606018357151156) (0.017526422524787883)(0.009066978648727698)
22 | 22 578 (0.01295457186011386) (0.018011024069252063)(0.009317678519199431)
22 | 22 594 (0.019083304287208086) (0.026531934559413915)(0.013725817908327415)
22 | 22 595 (0.021871732310909723) (0.030408746915127363)(0.01573141687210128)
22 | 22 598 (0.0190252120367143) (0.026451167635336552)(0.013684034596582125)
22 | 22 622 (0.011066573719065876) (0.01538609903673775)(0.007959720887477541)
22 | 22 623 (0.011937957476472638) (0.016597602897898203)(0.008586470563656875)
22 | 22 630 (0.009904728709190194) (0.01377076055519048)(0.007124054652571763)
22 | 22 634 (0.01887998141047984) (0.026249250325143143)(0.013579576317218903)
22 | 640 22 (0.015510630881840362) (0.02156476872865606)(0.011156144235992144)
22 | 648 22 (0.015249215754618333) (0.021201317570307923)(0.010968119333138345)
22 | 22 651 (0.01519112350412455) (0.02112055064623056)(0.010926336021393056)
22 | 22 659 (0.014406878122458463) (0.02003019717118615)(0.010362261312831656)
22 | 661 22 (0.04993028929940746) (0.06941917124449394)(0.035912756445075834)
22 | 665 22 (0.009120483327524109) (0.012680407080146073)(0.006559979944010363)
22 | 22 666 (0.023875914952945276) (0.033195205795796406)(0.01717294112731375)
22 | 700 22 (0.02759381898454746) (0.03836428893674767)(0.01984707307901224)
22 | 701 22 (0.020303241547577552) (0.02822803996503855)(0.014603267454978482)
22 | 22 703 (0.01591727663529685) (0.022130137197197603)(0.011448627418209168)
22 | 22 710 (0.023033577320785408) (0.03202408539667464)(0.016567083107007063)
22 | 713 22 (0.01629487626350645) (0.02265512220370047)(0.011720218944553546)
22 | 22 715 (0.021465086557453234) (0.029843378446585817)(0.015438933689884261)
22 | 22 723 (0.011705588474497501) (0.01627453520158875)(0.00841933731667572)
22 | 728 22 (0.01028232833739979) (0.014295745561693343)(0.007395646178916141)
22 | 729 22 (0.013012664110607645) (0.01809179099332943)(0.00935946183094472)
22 | 22 730 (0.008103868943882885) (0.01126698590879221)(0.005828771988467806)
22 | 741 22 (0.01068897409085628) (0.014861114030234887)(0.0076881293611331634)
22 | 764 22 (0.010718020216103172) (0.014901497492273569)(0.007709021017005808)
22 | 784 22 (0.00955617520622749) (0.0132861590107263)(0.00687335478210003)
22 | 789 22 (0.018240966655048218) (0.025360814160292146)(0.013119959888020725)
22 | 800 22 (0.015568723132334147) (0.021645535652733423)(0.011197927547737433)
22 | 22 806 (0.009265713953758569) (0.012882324390339482)(0.006664438223373584)
22 | 22 810 (0.014058324619495759) (0.019545595626721972)(0.010111561442359921)
22 | 817 22 (0.014000232369001974) (0.019464828702644606)(0.010069778130614632)
22 | 22 846 (0.008249099570117347) (0.01146890321898562)(0.0059332302678310285)
22 | 849 22 (0.014813523875914954) (0.020595565639727698)(0.010654744495048678)
22 | 22 866 (0.016817706517950507) (0.02338202452039674)(0.012096268750261145)
22 | 900 22 (0.008220053444870454) (0.011428519756946939)(0.005912338611958384)
22 | 917 22 (0.009614267456721273) (0.013366925934803662)(0.006915138093845318)
22 | 921 22 (0.012025095852213315) (0.01671875328401425)(0.00864914553127481)
22 | 22 930 (0.01449401649819914) (0.020151347557302197)(0.010424936280449588)
22 | 936 22 (0.009498082955733705) (0.013205392086648936)(0.00683157147035474)
22 | 941 22 (0.03822470082490996) (0.0531446360429052)(0.02749341912840012)
22 | 944 22 (0.018444289531776462) (0.025643498394562918)(0.013266201479129236)
22 | 22 946 (0.0164691530149878) (0.022897422975932558)(0.011845568879789412)
22 | 22 947 (0.014203555245730219) (0.01974751293691538)(0.010216019721723145)
22 | 22 954 (0.015423492506099687) (0.021443618342540015)(0.011093469268374212)
22 | 22 967 (0.010311374462646683) (0.014336129023732025)(0.007416537834788785)
22 | 972 22 (0.013186940862088997) (0.018334091765561517)(0.009484811766180587)
22 | 22 998 (0.018357151156035784) (0.025522348008446872)(0.013203526511511302)
22 | 1000 22 (0.010630881840362495) (0.014780347106157523)(0.007646346049387875)
22 | 22 1010 (0.012431741605669804) (0.017284121752555795)(0.008941628713491832)
22 | 22 1030 (0.01295457186011386) (0.018011024069252063)(0.009317678519199431)
22 | 1032 22 (0.010456605088881143) (0.014538046333925433)(0.007520996114152008)
22 | 22 1066 (0.008626699198326943) (0.011993888225488483)(0.006204821794175406)
22 | 1084 22 (0.008917160450795865) (0.012397722845875302)(0.006413738352901851)
22 | 1092 22 (0.012344603229929127) (0.017162971366439746)(0.008878953745873898)
22 | 1097 22 (0.012722202858138723) (0.01768795637294261)(0.009150545272218275)
22 | 22 1123 (0.008830022075055188) (0.012276572459759254)(0.006351063385283917)
22 | 22 1126 (0.010311374462646683) (0.014336129023732025)(0.007416537834788785)
22 | 1128 22 (0.01760195189961659) (0.024472377995441146)(0.012660343458822547)
22 | 22 1131 (0.011037527593818985) (0.01534571557469907)(0.007938829231604896)
22 | 1136 22 (0.015103985128383873) (0.020999400260114515)(0.010863661053775122)
22 | 22 1147 (0.01068897409085628) (0.014861114030234887)(0.0076881293611331634)
22 | 1165 22 (0.013622632740792378) (0.018939843696141746)(0.009798186604270254)
22 | 22 1187 (0.009352852329499246) (0.013003474776455528)(0.006727113190991518)
22 | 1197 22 (0.010049959335424654) (0.013972677865383889)(0.007228512931934985)
22 | 22 1259 (0.0128093412338794) (0.017809106759058654)(0.00921322023983621)
22 | 1272 22 (0.007551992564191937) (0.010499700130057257)(0.005431830526887561)
22 | 1277 22 (0.009062391077030324) (0.012599640156068709)(0.006518196632265073)
22 | 1377 22 (0.01957708841640525) (0.027218453414071503)(0.01408097605816237)
22 | 22 1386 (0.011153712094806553) (0.015507249422853796)(0.008022395855095475)
22 | 1420 22 (0.014290693621470896) (0.019868663323031426)(0.010278694689341077)
22 | 22 1423 (0.008423376321598699) (0.01171120399121771)(0.006058580203066895)
22 | 22 1442 (0.02277216219356338) (0.0316606342383265)(0.016379058204153262)
22 | 1452 22 (0.014174509120483328) (0.0197071294748767)(0.0101951280658505)
22 | 1472 22 (0.010863250842337632) (0.015103414802466977)(0.00781347929636903)
22 | 22 1495 (0.024950621587080283) (0.03468939389122763)(0.017945932394601596)
22 | 1540 22 (0.014203555245730219) (0.01974751293691538)(0.010216019721723145)
22 | 1557 22 (0.00871383757406762) (0.012115038611604529)(0.006267496761793339)
22 | 22 1595 (0.02532822121528988) (0.0352143788977305)(0.018217523920945975)
22 | 22 1606 (0.008365284071104914) (0.011630437067140346)(0.006016796891321606)
22 | 22 1607 (0.014319739746717788) (0.01990904678507011)(0.010299586345213722)
22 | 1613 22 (0.011996049726966423) (0.016678369821975566)(0.008628253875402165)
22 | 1621 22 (0.008249099570117347) (0.01146890321898562)(0.0059332302678310285)
22 | 22 1634 (0.008423376321598699) (0.01171120399121771)(0.006058580203066895)
22 | 22 1635 (0.013157894736842105) (0.018293708303522838)(0.009463920110307942)
22 | 22 1658 (0.02364354595097014) (0.032872138099486956)(0.017005807880332596)
22 | 22 1691 (0.010195189961659116) (0.014174595175577299)(0.007332971211298208)
22 | 22 1830 (0.00999186708493087) (0.013891910941306524)(0.007186729620189696)
22 | 1877 22 (0.008336237945858022) (0.011590053605101664)(0.005995905235448962)
22 | 22 1898 (0.010049959335424654) (0.013972677865383889)(0.007228512931934985)
22 | 1928 22 (0.008568606947833159) (0.011913121301411119)(0.006163038482430118)
22 | 22 1930 (0.009178575578017892) (0.012761174004223436)(0.006601763255755651)
22 | 22 1978 (0.010195189961659116) (0.014174595175577299)(0.007332971211298208)
22 | 22 2015 (0.01068897409085628) (0.014861114030234887)(0.0076881293611331634)
22 | 22 2031 (0.018240966655048218) (0.025360814160292146)(0.013119959888020725)
22 | 22 2178 (0.01614964563727199) (0.02245320489350706)(0.011615760665190322)
22 | 2180 22 (0.011037527593818985) (0.01534571557469907)(0.007938829231604896)
22 | 2205 22 (0.00943999070523992) (0.013124625162571572)(0.006789788158609452)
22 | 2217 22 (0.014261647496224003) (0.019828279860992743)(0.010257803033468432)
22 | 2228 22 (0.01083420471709074) (0.015063031340428296)(0.007792587640496386)
22 | 22 2275 (0.02381782270245149) (0.03311443887171904)(0.01713115781556846)
22 | 22 2278 (0.011008481468572093) (0.015305332112660388)(0.007917937575732252)
22 | 22 2306 (0.009352852329499246) (0.013003474776455528)(0.006727113190991518)
22 | 22 2322 (0.014900662251655629) (0.020716716025843743)(0.01071741946266661)
22 | 22 2323 (0.008394330196351807) (0.011670820529179029)(0.00603768854719425)
22 | 2452 22 (0.01138608109678169) (0.01583031711916325)(0.008189529102076631)
22 | 22 2482 (0.008946206576042755) (0.012438106307913982)(0.006434630008774495)
22 | 2492 22 (0.01658533751597537) (0.023058956824087283)(0.01192913550327999)
22 | 22 2499 (0.014668293249680492) (0.02039364832953429)(0.010550286215685455)
22 | 2533 22 (0.008191007319623562) (0.011388136294908256)(0.005891446956085739)
22 | 22 2570 (0.013535494365051703) (0.0188186933100257)(0.009735511636652322)
22 | 2580 22 (0.0066806088067851745) (0.009288196268896804)(0.004805080850708227)
22 | 22 2631 (0.017108167770419427) (0.023785859140783558)(0.01230518530898759)
22 | 22 2639 (0.01588823051004996) (0.022089753735158923)(0.011427735762336523)
22 | 2640 22 (0.01661438364122226) (0.023099340286125963)(0.011950027159152634)
22 | 2665 22 (0.00830719182061113) (0.011549670143062981)(0.005975013579576317)
22 | 22 2674 (0.011908911351225746) (0.01655721943585952)(0.00856557890778423)
22 | 2716 22 (0.008888114325548972) (0.012357339383836619)(0.006392846697029207)
22 | 22 2735 (0.008568606947833159) (0.011913121301411119)(0.006163038482430118)
22 | 22 2738 (0.013971186243755084) (0.019424445240605926)(0.010048886474741989)
22 | 22 2746 (0.016788660392703613) (0.023341641058358058)(0.0120753770943885)
22 | 2809 22 (0.00900429882653654) (0.012518873231991344)(0.006476413320519785)
22 | 22 2850 (0.046648077146508655) (0.06485584003412291)(0.03355199933146701)
22 | 22 2907 (0.013942140118508192) (0.019384061778567246)(0.010027994818869344)
22 | 2924 22 (0.014435924247705356) (0.020070580633224835)(0.010383152968704299)
22 | 2937 22 (0.007522946438945044) (0.010459316668018576)(0.005410938871014917)
22 | 22 3074 (0.008655745323573836) (0.012034271687527165)(0.006225713450048051)
22 | 3168 22 (0.00874288369931451) (0.012155422073643209)(0.006288388417665984)
22 | 3305 22 (0.012199372603694667) (0.01696105405624634)(0.008774495466510676)
22 | 3592 22 (0.009962820959683979) (0.013851527479267845)(0.007165837964317052)
22 | 3669 22 (0.012722202858138723) (0.01768795637294261)(0.009150545272218275)
22 | 22 3694 (0.01603346113628442) (0.022291671045352332)(0.011532194041699745)
22 | 22 4175 (0.012170326478447775) (0.016920670594207658)(0.008753603810638031)
22 | 4441 22 (0.01153131172301615) (0.016032234429356657)(0.008293987381439853)
22 | 22 5359 (0.014813523875914954) (0.020595565639727698)(0.010654744495048678)
22 | 22 6330 (0.01307075636110143) (0.018172557917406792)(0.00940124514269001)
22 | 22 6818 (0.011182758220053445) (0.015547632884892477)(0.00804328751096812)
22 | 22 7162 (0.011008481468572093) (0.015305332112660388)(0.007917937575732252)
22 | 7948 22 (0.013825955617520622) (0.019222527930412518)(0.009944428195378765)
22 | 22 8423 (0.012402695480422912) (0.017243738290517112)(0.008920737057619187)
22 | 9213 22 (0.01870570465899849) (0.026006949552911055)(0.013454226381983035)
22 | 15732 22 (0.014958754502149414) (0.020797482949921106)(0.0107592027744119)
22 | 15733 22 (0.01644010688974091) (0.022857039513893878)(0.011824677223916768)
22 | 22 15734 (0.015859184384803066) (0.02204937027312024)(0.011406844106463879)
22 | 22 38 23 (0.005867317299872197) (0.008157459331813716)(0.004220114486274182)
22 | 22 426 23 (0.004589287789008946) (0.006380587002111718)(0.0033008816278778256)
22 | 376 22 38 (0.00717439293598234) (0.009974715123554394)(0.005160239000543183)
22 | 661 22 38 (0.008220053444870454) (0.011428519756946939)(0.005912338611958384)
22 | 22 38 1635 (0.00450214941326827) (0.006259436615995672)(0.0032382066602598923)
22 | 2217 22 38 (0.01042755896363425) (0.01449766287188675)(0.007500104458279363)
22 | 22 38 2631 (0.0047345184152434066) (0.0065825043123051265)(0.0034053399072410478)
22 | 22 38 2850 (0.010340420587893575) (0.014376512485770708)(0.00743742949066143)
22 | 22 710 71 (0.004821656790984083) (0.006703654698421172)(0.0034680148748589814)
22 | 22 75 2639 (0.005170210293946788) (0.007188256242885354)(0.003718714745330715)
22 | 2640 22 75 (0.00534448704542814) (0.007430557015117444)(0.0038440646805665817)
22 | 22 82 5359 (0.005518763796909493) (0.007672857787349535)(0.003969414615802448)
22 | 385 22 1595 (0.004531195538515162) (0.006299820078034354)(0.0032590983161325366)
22 | 22 494 495 (0.024514929708376904) (0.03408364196064741)(0.01763255755651193)
22 | 2492 22 498 (0.01533635413035901) (0.02132246795642397)(0.011030794300756278)
22 | 9213 22 498 (0.015946322760543745) (0.02217052065923629)(0.011469519074081811)
22 | 15732 22 498 (0.013825955617520622) (0.019222527930412518)(0.009944428195378765)
22 | 15733 22 498 (0.015307308005112118) (0.021282084494385286)(0.011009902644883633)
22 | 22 498 15734 (0.01548158475659347) (0.021524385266617378)(0.011135252580119501)
22 | 640 22 651 (0.013622632740792378) (0.018939843696141746)(0.009798186604270254)
22 | 661 22 1010 (0.004821656790984083) (0.006703654698421172)(0.0034680148748589814)
22 | 665 22 666 (0.004618333914255838) (0.006420970464150399)(0.0033217732837504703)
22 | 22 666 2275 (0.004705472289996514) (0.006542120850266445)(0.0033844482513684035)
22 | 700 701 22 (0.014203555245730219) (0.01974751293691538)(0.010216019721723145)
22 | 941 22 1635 (0.00618682467758801) (0.008601677414239214)(0.004449922700873271)
22 | 941 22 2850 (0.006303009178575578) (0.008763211262393942)(0.004533489324363849)
22 | 1613 3305 22 (0.007639130939932613) (0.010620850516173303)(0.005494505494505495)
22 | 2217 22 2850 (0.0128093412338794) (0.017809106759058654)(0.00921322023983621)
22 | 2492 9213 22 (0.01533635413035901) (0.02132246795642397)(0.011030794300756278)
22 | 2492 15732 22 (0.014958754502149414) (0.020797482949921106)(0.0107592027744119)
22 | 2492 15733 22 (0.01644010688974091) (0.022857039513893878)(0.011824677223916768)
22 | 2492 22 15734 (0.01519112350412455) (0.02112055064623056)(0.010926336021393056)
22 | 22 2850 2631 (0.005024979667712327) (0.0069863389326919444)(0.0036142564659674926)
22 | 2640 22 2639 (0.012983617985360752) (0.018051407531290746)(0.009338570175072076)
22 | 7948 22 2850 (0.009323806204252353) (0.012963091314416846)(0.006706221535118874)
22 | 4441 22 6330 (0.008626699198326943) (0.011993888225488483)(0.006204821794175406)
22 | 15732 9213 22 (0.013825955617520622) (0.019222527930412518)(0.009944428195378765)
22 | 9213 15733 22 (0.015307308005112118) (0.021282084494385286)(0.011009902644883633)
22 | 9213 22 15734 (0.015830138259556176) (0.02200898681108156)(0.011385952450591234)
22 | 15732 15733 22 (0.014958754502149414) (0.020797482949921106)(0.0107592027744119)
22 | 15732 22 15734 (0.01376786336702684) (0.019141761006335155)(0.009902644883633478)
22 | 15733 22 15734 (0.015162077378877658) (0.021080167184191877)(0.010905444365520411)
22 | 2217 2850 22 38 (0.009498082955733705) (0.013205392086648936)(0.00683157147035474)
22 | 2640 75 22 2639 (0.0046473800395027305) (0.006461353926189082)(0.0033426649396231145)
22 | 498 2492 9213 22 (0.01533635413035901) (0.02132246795642397)(0.011030794300756278)
22 | 498 2492 15732 22 (0.013825955617520622) (0.019222527930412518)(0.009944428195378765)
22 | 498 2492 15733 22 (0.015307308005112118) (0.021282084494385286)(0.011009902644883633)
22 | 498 2492 22 15734 (0.015162077378877658) (0.021080167184191877)(0.010905444365520411)
22 | 498 15732 9213 22 (0.013825955617520622) (0.019222527930412518)(0.009944428195378765)
22 | 498 9213 15733 22 (0.015307308005112118) (0.021282084494385286)(0.011009902644883633)
22 | 498 9213 22 15734 (0.01548158475659347) (0.021524385266617378)(0.011135252580119501)
22 | 498 15732 15733 22 (0.013825955617520622) (0.019222527930412518)(0.009944428195378765)
22 | 498 15732 22 15734 (0.013738817241779947) (0.01910137754429647)(0.009881753227760833)
22 | 498 15733 22 15734 (0.015133031253630766) (0.021039783722153198)(0.010884552709647766)
22 | 2492 15732 9213 22 (0.013825955617520622) (0.019222527930412518)(0.009944428195378765)
22 | 2492 9213 15733 22 (0.015307308005112118) (0.021282084494385286)(0.011009902644883633)
22 | 2492 9213 22 15734 (0.015162077378877658) (0.021080167184191877)(0.010905444365520411)
22 | 2492 15732 15733 22 (0.014958754502149414) (0.020797482949921106)(0.0107592027744119)
22 | 2492 15732 22 15734 (0.01376786336702684) (0.019141761006335155)(0.009902644883633478)
22 | 2492 15733 22 15734 (0.015162077378877658) (0.021080167184191877)(0.010905444365520411)
22 | 15732 9213 15733 22 (0.013825955617520622) (0.019222527930412518)(0.009944428195378765)
22 | 15732 9213 22 15734 (0.013738817241779947) (0.01910137754429647)(0.009881753227760833)
22 | 9213 15733 22 15734 (0.015133031253630766) (0.021039783722153198)(0.010884552709647766)
22 | 15732 15733 22 15734 (0.01376786336702684) (0.019141761006335155)(0.009902644883633478)
22 | 498 2492 15732 9213 22 (0.013825955617520622) (0.019222527930412518)(0.009944428195378765)
22 | 498 2492 9213 15733 22 (0.015307308005112118) (0.021282084494385286)(0.011009902644883633)
22 | 498 2492 9213 22 15734 (0.015162077378877658) (0.021080167184191877)(0.010905444365520411)
22 | 498 2492 15732 15733 22 (0.013825955617520622) (0.019222527930412518)(0.009944428195378765)
22 | 498 2492 15732 22 15734 (0.013738817241779947) (0.01910137754429647)(0.009881753227760833)
22 | 498 2492 15733 22 15734 (0.015133031253630766) (0.021039783722153198)(0.010884552709647766)
22 | 498 15732 9213 15733 22 (0.013825955617520622) (0.019222527930412518)(0.009944428195378765)
22 | 498 15732 9213 22 15734 (0.013738817241779947) (0.01910137754429647)(0.009881753227760833)
22 | 498 9213 15733 22 15734 (0.015133031253630766) (0.021039783722153198)(0.010884552709647766)
22 | 498 15732 15733 22 15734 (0.013738817241779947) (0.01910137754429647)(0.009881753227760833)
22 | 2492 15732 9213 15733 22 (0.013825955617520622) (0.019222527930412518)(0.009944428195378765)
22 | 2492 15732 9213 22 15734 (0.013738817241779947) (0.01910137754429647)(0.009881753227760833)
22 | 2492 9213 15733 22 15734 (0.015133031253630766) (0.021039783722153198)(0.010884552709647766)
22 | 2492 15732 15733 22 15734 (0.01376786336702684) (0.019141761006335155)(0.009902644883633478)
22 | 15732 9213 15733 22 15734 (0.013738817241779947) (0.01910137754429647)(0.009881753227760833)
22 | 498 2492 15732 9213 15733 22 (0.013825955617520622) (0.019222527930412518)(0.009944428195378765)
22 | 498 2492 15732 9213 22 15734 (0.013738817241779947) (0.01910137754429647)(0.009881753227760833)
22 | 498 2492 9213 15733 22 15734 (0.015133031253630766) (0.021039783722153198)(0.010884552709647766)
22 | 498 2492 15732 15733 22 15734 (0.013738817241779947) (0.01910137754429647)(0.009881753227760833)
22 | 498 15732 9213 15733 22 15734 (0.013738817241779947) (0.01910137754429647)(0.009881753227760833)
22 | 2492 15732 9213 15733 22 15734 (0.013738817241779947) (0.01910137754429647)(0.009881753227760833)
22 | 498 15732 15733 22 15734 2492 9213 (0.013738817241779947) (0.01910137754429647)(0.009881753227760833)
23 | 22 23 (0.7623198122695273) (12.232383551489505)(0.047507625454393514)
23 | 38 23 (0.07106939322829367) (1.1403981147386875)(0.004429031045000626)
23 | 194 23 (0.1485082132081797) (2.3830017208926346)(0.009255003551581499)
23 | 426 23 (0.06972846128059002) (1.1188811691775802)(0.0043454644215100485)
23 | 634 23 (0.06067717063359034) (0.9736417866401057)(0.0037813897129486485)
23 | 661 23 (0.05732484076433121) (0.9198494227373375)(0.0035724731542222036)
23 | 22 38 23 (0.06771706335903453) (1.0866057508359193)(0.004220114486274182)
23 | 22 426 23 (0.05296681193429433) (0.8499193496637387)(0.0033008816278778256)
32 | 32 22 (0.7421746293245469) (29.262710714372954)(0.018823381941252663)
32 | 32 194 (0.17545304777594728) (6.917821733808479)(0.004449922700873271)
33 | 33 22 (0.7707808564231738) (46.46624241001466)(0.012785693394058413)
38 | 22 38 (0.9095399814757641) (13.441198133164225)(0.061546818200810594)
38 | 38 23 (0.06545230009262118) (0.9672552628074731)(0.004429031045000626)
38 | 38 194 (0.06946588453226304) (1.0265680855267993)(0.004700622571345005)
38 | 376 38 (0.0793454769990738) (1.172568879912833)(0.005369155559269628)
38 | 661 38 (0.09601728928681692) (1.4189452204392647)(0.0064973049763924285)
38 | 38 1635 (0.051867860450756406) (0.7665041705266767)(0.0035097981866042704)
38 | 2217 38 (0.12318616857054647) (1.8204474050008574)(0.008335770693185142)
38 | 38 2631 (0.06606977462179685) (0.9763803124566002)(0.004470814356745916)
38 | 38 2850 (0.12380364309972214) (1.8295724546499845)(0.00837755400493043)
38 | 22 38 23 (0.062364927446742824) (0.9216300145618376)(0.004220114486274182)
38 | 376 22 38 (0.07625810435319542) (1.1269436316671972)(0.005160239000543183)
38 | 661 22 38 (0.08737264587835752) (1.2911945253514854)(0.005912338611958384)
38 | 22 38 1635 (0.04785427601111454) (0.7071913478073506)(0.0032382066602598923)
38 | 2217 22 38 (0.11083667798703303) (1.6379464120183151)(0.007500104458279363)
38 | 22 38 2631 (0.05032417412781723) (0.743691546403859)(0.0034053399072410478)
38 | 22 38 2850 (0.10991046619326952) (1.6242588375446245)(0.00743742949066143)
38 | 2217 38 2631 (0.04754553874652671) (0.7026288229827871)(0.0032173150043872476)
38 | 2217 38 2850 (0.10744056807656684) (1.5877586389481162)(0.007270296243680274)
38 | 38 2850 2631 (0.05742513121333745) (0.8486296173688207)(0.0038858479923118707)
38 | 2217 2850 22 38 (0.1009570855202223) (1.4919456176322816)(0.00683157147035474)
40 | 40 22 (0.7574692442882249) (63.720602543234044)(0.009004303681109764)
44 | 44 22 (0.6634980988593155) (60.37832699619771)(0.0072911878995529185)
53 | 53 22 (0.6335109532267614) (17.953602893518156)(0.022354071783729577)
53 | 53 147 (0.08940201302545885) (2.533639286842281)(0.0031546400367693144)
53 | 53 194 (0.17761989342806395) (5.033720437434996)(0.006267496761793339)
57 | 57 22 (0.7621483375959079) (46.650885329112185)(0.012451426900096102)
66 | 22 66 (0.7625570776255708) (83.33460520005839)(0.006977813061463251)
66 | 336 66 (0.3470319634703196) (37.92473051020621)(0.0031755316926419586)
70 | 22 70 (0.7563451776649747) (45.94317039861888)(0.012451426900096102)
71 | 22 71 (0.7273743016759776) (38.90111544583502)(0.013600467973091548)
71 | 194 71 (0.17094972067039105) (9.142658468836801)(0.0031964233485146033)
71 | 710 71 (0.23687150837988827) (12.668258793420929)(0.004429031045000626)
71 | 22 710 71 (0.18547486033519553) (9.919485658999406)(0.0034680148748589814)
72 | 72 22 (0.87) (104.10855)(0.007270296243680274)
75 | 22 75 (0.6666666666666666) (16.214769647696475)(0.02740985250490954)
75 | 194 75 (0.18241869918699186) (4.436815780124264)(0.007500104458279363)
75 | 75 279 (0.08282520325203252) (2.0144873876330225)(0.0034053399072410478)
75 | 846 75 (0.19308943089430894) (4.696350965034041)(0.007938829231604896)
75 | 1613 75 (0.09247967479674797) (2.249304935884725)(0.0038022813688212928)
75 | 75 2639 (0.19258130081300814) (4.683992146705004)(0.007917937575732252)
75 | 2640 75 (0.19867886178861788) (4.832297966653447)(0.008168637446203986)
75 | 3305 75 (0.09349593495934959) (2.2740225725427985)(0.0038440646805665817)
75 | 7162 75 (0.09349593495934959) (2.2740225725427985)(0.0038440646805665817)
75 | 22 75 2639 (0.09044715447154472) (2.199869662568577)(0.003718714745330715)
75 | 2640 22 75 (0.09349593495934959) (2.2740225725427985)(0.0038440646805665817)
75 | 846 75 2639 (0.1285569105691057) (3.1267810372463485)(0.00528558893577905)
75 | 2640 846 75 (0.1285569105691057) (3.1267810372463485)(0.00528558893577905)
75 | 1613 3305 75 (0.08434959349593496) (2.0515638426201335)(0.0034680148748589814)
75 | 2640 75 2639 (0.1798780487804878) (4.37502168847908)(0.007395646178916141)
75 | 2640 75 22 2639 (0.08130081300813008) (1.9774109326459117)(0.0033426649396231145)
75 | 2640 75 846 2639 (0.12195121951219512) (2.9661163989688677)(0.005013997409434672)
77 | 77 22 (0.717741935483871) (69.26499089490115)(0.00743742949066143)
82 | 22 82 (0.7632850241545893) (44.12488039394151)(0.013203526511511302)
82 | 82 5359 (0.28743961352657005) (16.61664799645266)(0.004972214097689383)
82 | 22 82 5359 (0.22946859903381642) (13.26539125767229)(0.003969414615802448)
83 | 22 83 (0.7067567567567568) (45.71570124178233)(0.010926336021393056)
83 | 194 83 (0.20270270270270271) (13.111577794010227)(0.0031337483808966697)
84 | 84 22 (0.7396449704142012) (26.18627674101047)(0.020891655872644466)
84 | 84 194 (0.1804733727810651) (6.389451524806555)(0.00509756403292525)
94 | 22 94 (0.7457943925233644) (66.72559699537078)(0.008335770693185142)
113 | 113 22 (0.7449768160741885) (55.11446719970187)(0.010069778130614632)
116 | 116 22 (0.6973684210526315) (17.56854570637119)(0.027681444031253916)
116 | 116 194 (0.19) (4.786600000000001)(0.007541887770024652)
122 | 22 122 (0.8086373790022338) (28.82072731446085)(0.02268833827769189)
122 | 122 194 (0.12509307520476545) (4.45845505417074)(0.0035097981866042704)
124 | 124 22 (0.8732876712328768) (71.57669121786452)(0.010654744495048678)
125 | 125 22 (0.7313974591651543) (63.5373335397446)(0.00841933731667572)
126 | 22 126 (0.754739336492891) (42.80373587745109)(0.013307984790874524)
127 | 22 127 (0.699594046008119) (45.31362463629854)(0.01080098608615719)
127 | 194 127 (0.2029769959404601) (13.147086451537296)(0.0031337483808966697)
22 23 | 22 38 23 (0.08883025505716799) (1.8698104611109951)(0.004220114486274182)
22 23 | 22 426 23 (0.06948109058927) (1.4625250141363229)(0.0033008816278778256)
22 38 | 22 38 23 (0.06856754921928038) (1.1140713886388576)(0.004220114486274182)
22 38 | 376 22 38 (0.08384249830278344) (1.3622556088801874)(0.005160239000543183)
22 38 | 661 22 38 (0.09606245756958588) (1.5608029850732512)(0.005912338611958384)
22 38 | 22 38 1635 (0.052613713509843854) (0.8548567586090244)(0.0032382066602598923)
22 38 | 2217 22 38 (0.1218601493550577) (1.9799585570363858)(0.007500104458279363)
22 38 | 22 38 2631 (0.055329260013577734) (0.8989783977630387)(0.0034053399072410478)
22 38 | 22 38 2850 (0.1208418194161575) (1.9634129423536304)(0.00743742949066143)
22 38 | 2217 2850 22 38 (0.1109979633401222) (1.803472000420329)(0.00683157147035474)
22 71 | 22 710 71 (0.25499231950844853) (18.748790116115817)(0.0034680148748589814)
22 75 | 22 75 2639 (0.13567073170731708) (4.949706740779298)(0.003718714745330715)
22 75 | 2640 22 75 (0.1402439024390244) (5.116550788221297)(0.0038440646805665817)
22 75 | 2640 75 22 2639 (0.12195121951219512) (4.449174598453301)(0.0033426649396231145)
22 82 | 22 82 5359 (0.30063291139240506) (22.76913755808364)(0.003969414615802448)
38 23 | 22 38 23 (0.9528301886792453) (215.13287646849415)(0.004220114486274182)
