 0 1 2 3 4 5 6 7 8 3 9 10 3 11 12 3 7 13 14 15 16 17 18 3 3 3 19 20 21 22 23
 24 22 25 26 27 28 21 29 30 31 32 26 33 34 35 36 37 38 13 39 38 40 32 41 42 43 44 45 46
 47 1 48 3 49 50 51 52 53 54 21 22 55 38 13 56 27 57 37 22 58 59 60 21 51 61 62 3 63
 64 1 64 3 65 17 66 67 3 68 69 70 71 72 70 73 74 75 76 70 77 78 79 80 41 81
 82 3 3 83 84 85 86 87 88 89 90 91 92 93 94 95 96 97 44 45 98
 99 1 100 3 50 22 101 9 102 103 104 105 106 29 13 107 108 109 110 111 112 3 27 113 110 114
 115 116 117 118 13 56 16 119 120 121 60 122 22 123 124 125 126 51 127 38 128 129 130 131 132 133
 134 120 135 29 11 136 22 41 137 44 45 138
 139 1 2 3 4 5 6 7 8 3 9 10 3 11 12 3 7 13 14 15 16 17 18 3 3 3 19 20 21 22 23
 140 1 141 3 142 143 144 145 146 147 3 148 3 149 150 3 151 152 153 154 3 155 156 157 158 159 160 161
 162 1 163 3 164 22 165 166 22 41 7 167 168 169 22 170 171 172 173 3 174 175 176
 177 1 178 3 179 180 181 182 183 71 184 75 185 186 187 188 189 190 191 70 41 77 63
 192 1 193 3 194 195 196 21 197 198 3 19 199 21 195 200 201 202 203 38 204 205 32 206 207 208
 209 1 210 3 175 211 108 212 213 35 195 214 215 216 7 30 217 108 212 218 38 219
 220 1 178 3 179 180 181 182 183 71 184 75 185 186 187 188 189 190 191 70 41 77 63
 221 1 222 3 223 7 13 224 38 124 3 193 60 22 225 38 13 226 227 228 207 206 229
 230 1 100 3 50 22 101 9 102 103 104 105 106 29 13 107 108 109 110 111 112 3 27 113 110 114
 231 1 232 3 3 233 117 35 234 235 30 236 16 149 237 13 238 3 120 233 117 35 105 239 21 240 3 233 241 105 242 3 105 243
 244 1 193 3 194 195 196 21 197 198 3 19 199 21 195 200 201 202 203 38 204 205 32 206 207 208
 245 13 3 246 3 38 13 247 248 249 105 250 41 9 251 241 252 3 3 253 254 255 256 257 258 259 260 3 105 261 168 262 38 263 264 265 266 21 62 267 16 268 3 108 269 3 233 270 122 271 272 273 13 274 7 275 276 44 45 277
 278 1 222 3 223 7 13 224 38 124 3 193 279 280 281 3 3 62 117 118 282 32 233 117 118 237 175 283 284 285
 286 1 222 3 195 287 288 193 289 195 3 290 291 292 293 294 3 38 295 60 296 256 297
 298 1 100 3 50 299 300 301 302 38 303 304 16 305 7 306 307 197 3 308 105 309 3 223 7 175 310
 311 1 312 3 19 313 314 3 315 316 112 7 317 318 319 320 321 29 322 323 116 324 325 195 326
 327 1 328 3 3 329 330 331 22 332 333 334 105 335 105 41 336 337 279 338 339 340
 341 1 342 3 343 124 344 3 345 346 347 7 348 349 241 350 351 352 349 353
 354 1 355 3 356 16 357 358 105 206 124 359 360 38 193 37 22 361 38 362 60 22 363
 364 1 2 3 4 5 6 7 8 3 9 10 3 11 12 3 7 13 14 15 16 17 18 3 3 3 19 20 21 22 23
 365 1 366 3 367 368 369 370 371 372 373 374 22 375 105 229
 376 1 377 3 378 379 380 3 381 382 383 21 195 287 193 384 385 105 386 387 388
 389 1 193 3 194 195 196 21 197 198 3 19 199 21 195 200 201 202 203 38 204 205 32 206 207 208
 390 1 178 3 179 180 181 182 183 71 184 75 185 186 187 188 189 190 191 70 41 77 63
 391 1 48 3 49 50 51 52 53 54 21 22 55 38 13 56 27 57 37 22 58 59 60 21 51 61 62 3 63
 392 1 222 3 223 7 13 224 38 124 3 193 279 280 281 3 3 62 117 118 282 32 233 117 118 237 175 283 284 285
 393 1 394 3 395 396 78 397 398 399 400 70 41 401 402 157 403 404 405 75 406 187 70 407 408 3 3 409
 410 1 100 3 50 22 101 9 102 103 104 105 106 29 13 107 108 109 110 111 112 3 27 113 110 114
 411 1 412 3 70 413 414 402 415 416 417 3 418 419 420 421 70 41 190 422 423 424 3 44 45 425
 426 1 427 3 428 429 430 105 431 432 293 433 108 434 435 16 436 3 437 438 439 440 441
 442 1 377 3 378 379 380 3 381 382 383 21 195 287 193 384 385 105 386 387 388
 443 1 444 3 195 445 124 446 30 447 448 449 195 450 451 7 452 38 453 454 256 26 455
 456 1 222 3 223 7 13 224 38 124 3 193 279 280 281 3 3 62 117 118 282 32 233 117 118 237 175 283 284 285
 457 1 458 3 459 460 461 108 462 180 463 37 175 464 38 13 465 466 467 318 468 469 470
 471 1 472 3 473 474 475 279 476 477 478 182 479 3 480 481 482 483 484 70 485 486 487 488 489 490
 341 343 491 35 492 293 493 38 53 60 494 3 22 41 27 105 495 7 496 3 284 27 22 497 38 13 498 137
 499 1 500 3 501 41 502 503 180 504 505 133 506 507 508 509
 510 1 377 3 378 379 380 3 381 382 383 21 195 287 193 384 385 105 386 387 388
 511 1 512 3 513 514 175 515 516 41 279 517 175 518 318 22 519 520 32 521
 522 1 355 3 356 16 357 358 105 206 124 359 360 38 193 37 22 361 38 362 60 22 363
 523 62 524 38 13 525 32 22 526 527 528 235 529 530 531 38 532 105 533 28 21 19 534 13 535 38 536 537 538 344 16 539 108 540 541 3 3 542 543 544 545 545 44 45 546
 547 1 548 3 22 549 102 550 105 551 552 553 241 554 118 555 21 105 556 557 41 558 44 45 559
 560 1 561 3 3 562 241 563 564 565 3 566 351 38 567 568 7 569 570 3 571 572 573 574
 575 1 178 3 179 180 181 182 183 71 184 75 185 186 187 188 189 190 191 70 41 77 63
 576 1 312 3 19 313 314 3 315 316 112 7 317 318 319 320 321 29 322 323 116 324 325 195 326
 577 578 579 580 581 70 582 583 584 3 585 586 587 400 588 589 590 70 591 3 3 3 41 143 592 590 344 593
 594 1 595 3 596 3 195 597 598 241 599 337 491 600 601 602 7 116 21 22 603 7 13 604
 605 1 222 3 223 7 13 224 38 124 3 193 279 280 281 3 3 62 117 118 282 32 233 117 118 237 175 283 284 285
 606 1 607 3 608 248 105 41 609 30 610 37 611 137 612 613 614 44 45 615
 616 1 617 3 41 44 45 618
 619 1 620 3 621 622 623 180 624 625 626 627 3 628 629 3 3 630 631 628 632 3 633 634
 635 1 100 3 50 22 101 9 102 103 104 105 106 29 13 107 108 109 110 111 112 3 27 113 110 114
 636 1 637 3 337 638 639 3 640 38 13 641 7 642 60 279 643 30 644 60 645 646 647 256 648 649 650 3 3 651
 652 1 653 3 654 414 655 656 657 3 658 659 660 661 662 3 663 664 665 666 38 667 668 669 670 671 3 655 672
 673 1 674 3 675 676 11 38 118 16 118 677 38 678 679 13 680 681 682 233 241 683 37 105 684 9 685
 686 1 100 3 50 22 101 9 102 103 104 105 106 29 13 107 108 109 110 111 112 3 27 113 110 114
 687 1 688 3 689 413 690 691 153 692 70 693 266 402 279 694 695 692 696 398 414 697 692 70 698 69 699 229
 700 1 701 3 3 702 703 131 195 704 3 705 706 180 293 707 3 9 102 708 709 38 710 711 3 120 702 195 704 712
 713 714 715 22 716 717 105 41 29 718 719 60 720 22 721 722 723 724 725 318 726 727
 192 1 728 3 729 730 731 732 241 733 536 71 9 734 22 735 3 3 3 736 737 738 81
 739 1 740 3 741 3 193 742 7 743 645 744 745 29 645 746 747 237 30 610 748 60 318 175 749 750
 606 1 377 3 378 379 380 3 381 382 383 21 195 287 193 384 385 105 386 387 388
 751 1 210 3 175 211 108 212 213 35 195 214 215 216 7 30 217 108 212 218 38 219
 752 1 222 3 3 124 753 7 193 754 60 755 16 452 468 756 3 3 3 116 117 35 757 758 287 21 38 759 3 760
 761 1 222 3 223 7 13 224 38 124 3 193 279 280 281 3 3 62 117 118 282 32 233 117 118 237 175 283 284 285
 762 1 48 3 49 50 51 52 53 54 21 22 55 38 13 56 27 57 37 22 58 59 60 21 51 61 62 3 63
 751 1 100 3 50 22 101 9 102 103 104 105 106 29 13 107 108 109 110 111 112 3 27 113 110 114
 763 1 764 3 765 279 766 400 70 41 767 414 402 768 769 187 153 3 770 144 146 143 771 353
 772 1 561 3 3 562 241 563 564 565 3 566 351 38 567 568 7 569 570 3 571 572 573 574
 773 1 774 3 775 776 13 777 778 16 779 780 16 781 38 782 783 784 785 786 787 16 13 788 789
 376 1 376 3 320 790 3 337 257 279 50 791 175 792 38 793 38 794 795 233 270 796 797 272 26 798
 799 124 800 41 801 802 803 804 805 806 807 117 439 808 439 809 120 16 810 29 811 812 813 38 814 16 815 38 13 816 817 818 819 820 821 822 44 45 823
 606 1 427 3 428 429 430 105 431 432 293 433 108 434 435 16 436 3 437 438 439 440 441
 824 1 178 3 179 180 181 182 183 71 184 75 185 186 187 188 189 190 191 70 41 77 63
 825 826 827 828 829 830 831 832 833 834 835 836 837 45 838 45 839
 840 1 841 3 4 842 318 13 843 110 844 845 515 7 452 846 847 38 848 3 255 849 334 38 850 111 105 651
 851 1 222 3 223 7 13 224 38 124 3 193 279 280 281 3 3 62 117 118 282 32 233 117 118 237 175 283 284 285
 376 320 790 3 337 257 279 50 791 175 792 38 793 38 794 795 233 270 796 797 272 26 852 35 22 41 3 60 62 853 7 854 60 7 855 22 856 857 858
 859 1 860 3 861 862 863 21 22 549 303 864 291 865 866 867 868 609 22 573 3 120 760
 869 1 870 3 718 871 13 872 758 873 9 874 7 875 13 876 38 877 37 22 878
 879 1 880 3 175 881 882 883 7 884 237 885 235 886 3 105 887 888 3 105 41 340
 889 1 890 3 222 124 193 337 491 891 21 702 892 38 893 175 287 894 895 241 896 60 256 897
 898 1 899 3 900 901 41 3 3 3 233 26 902 35 35 903 116 21 904 22 905 9 906 907
 377 378 379 380 3 381 382 383 21 195 287 193 384 385 105 386 387 256 279 908 334 38 909 105 41 7 167 195 910 180 16 911 912 3 702 13 913 9 914 44 45 915
 673 1 100 3 50 22 101 9 102 103 104 105 106 29 13 107 108 109 110 111 112 3 27 113 110 114
 458 916 917 918 919 22 920 3 51 921 922 923 29 924 235 925 41 926
 927 1 100 3 50 22 101 9 102 103 104 105 106 29 13 107 108 109 110 111 112 3 27 113 110 114
 457 1 355 3 356 16 357 358 105 206 124 359 360 38 193 37 22 361 38 362 60 22 363
 928 1 929 3 41 930 13 931 932 105 933 934 935 131 852 936 195 937 3 938 939 21 940
 941 1 222 3 223 7 13 224 38 124 3 193 279 280 281 3 3 62 117 118 282 32 233 117 118 237 175 283 284 285
 942 1 193 3 194 195 196 21 197 198 3 19 199 21 195 200 201 202 203 38 204 205 32 206 207 208
 943 1 444 3 195 445 124 446 30 447 448 449 195 450 451 7 452 38 453 454 256 26 455
 944 41 945 38 946 303 947 16 948 117 116 35 949 950 379 122 951 122 952 3 3 3 3 3 953 954 38 955 16 153 956 957 9 958 959 3 3 3 3 7 960 44 45 961
 962 1 963 3 964 53 965 187 966 233 415 3 3 3 344 17 967 968 3 969 3 970 3 971
 972 1 2 3 4 5 6 7 8 3 9 10 3 11 12 3 7 13 14 15 16 17 18 3 3 3 19 20 21 22 23
 973 1 2 3 974 3 3 105 975 102 976 977 978 195 979 38 980 3 981 982 983 909 105 984
 985 1 986 3 987 988 3 989 990 190 991 992 3 993 994 475 995 996 997 6 691 70 998 999
 1000 1 355 3 356 16 357 358 105 206 124 359 360 38 193 37 22 361 38 362 60 22 363
 209 1 100 3 50 22 101 9 102 103 104 105 106 29 13 107 108 109 110 111 112 3 27 113 110 114
 1001 1 222 3 3 19 1002 13 217 50 22 361 38 1003 102 1004 3 194 21 197 1005 726 1006 38 287 272 1007 1008
 606 1 1009 3 1010 124 1011 1012 3 3 3 3 1013 1014 41 1015 207 1016
 1017 1 1018 3 1019 1020 3 3 3 1021 1022 1023 37 1024 38 13 525 105 335 58 59 1025 1026 279 1027
 1028 1 1029 3 206 1030 1031 1032 38 124 9 1033 195 1034 38 1035 193 41 167 237 204 1036
 1037 1 100 3 50 22 101 9 102 103 104 105 106 29 13 107 108 109 110 111 112 3 27 113 110 114
 1038 1 1039 3 974 3 3 30 1040 1041 3 336 105 1042 3 3 1043 1044 1045 16 1046 1047 195 540 16 1048 1049 1050
 1051 41 180 133 1052 1053 44 45 1054
 1055 1 444 3 195 445 124 446 30 447 448 449 195 450 451 7 452 38 453 454 256 26 455
 1056 1 444 3 195 445 124 446 30 447 448 449 195 450 451 7 452 38 453 454 256 26 455
 927 1 1057 3 1058 41 167 1059 1060 386 1061 808 60 62 3 1062 175 1063 16 1064 63
 456 1 222 3 223 7 13 224 38 124 3 193 60 22 225 38 13 226 227 228 207 206 229
 607 608 248 105 41 609 30 610 37 611 137 612 613 614 44 45 615
 427 428 429 430 105 431 432 293 433 108 434 435 16 436 3 437 438 439 440 7 1065 439 1066 6 7 13 1067 38 348 1068 1069 1070 21 1071 3 19 26 1072 35 356 41 1073 1074 32
 1075 1 2 3 4 5 6 7 8 3 9 10 3 11 12 3 7 13 14 15 16 17 18 3 3 3 19 20 21 22 23
 1009 1010 124 1011 1012 3 3 3 3 1013 1014 41 1015 207 790 1076 1077 44 45 1078
 511 1 100 3 50 22 101 9 102 103 104 105 106 29 13 107 108 109 110 111 112 3 27 113 110 114
 1079 1 178 3 179 180 181 182 183 71 184 75 185 186 187 188 189 190 191 70 41 77 63
 1080 1 1039 3 974 3 3 30 1040 1041 3 336 105 1042 3 3 1043 1044 1045 16 1046 1047 195 540 16 1048 1049 1050
 1081 1 764 3 765 279 766 400 70 41 767 414 402 768 769 187 153 3 770 144 146 143 771 353
 840 1 1082 3 1083 566 1084 1060 195 1085 38 1086 318 175 515 334 38 1087 105 41 648 1088 1089 7 1090 108 1091
 1092 1 1093 3 1094 1095 1096 175 1097 1098 1099 1100 3 337 16 241 7 645 1101 1102 9 270 1103 3 3 566 1104 1105
 1106 1 774 3 775 776 13 777 778 16 779 780 16 781 38 782 783 784 785 786 787 16 13 788 789
 1107 1 1108 3 3 22 41 27 867 116 256 945 38 1109 320 1110 1058 3 3 1061 30 1111 38 1112 3 1113 1114 1115
 1116 1 841 3 4 842 318 13 843 110 844 845 515 7 452 846 847 38 848 3 255 849 334 38 850 111 105 651
 1117 1 1118 3 44 45 1119 1120 60 35 175 516 1085 38 1086 3 439 38 1121 1122 3 1123 293 1124
 1125 1 1126 3 1127 175 1128 1129 1130 1013 50 1131 303 1132 1133 22 1134 7 710 867 516 1013 1135
 1136 1 100 3 50 22 101 9 102 103 104 105 106 29 13 107 108 109 110 111 112 3 27 113 110 114
 1137 1 860 3 861 862 863 21 22 549 303 864 291 865 866 867 868 609 22 573 3 120 760
 1138 1 1139 3 1140 905 1141 110 1142 1143 1144 1145 60 38 1146 16 1147 1148 38 1149 7 1150
 942 1 100 3 50 22 101 9 102 103 104 105 106 29 13 107 108 109 110 111 112 3 27 113 110 114
 1151 1 2 3 4 5 6 7 8 3 9 10 3 11 12 3 7 13 14 15 16 17 18 3 3 3 19 20 21 22 23
 1152 1153 29 22 41 3 3 233 1154 22 1155 1156 37 1157 1158 3 233 1159 37 195 1160 38 1161 16 1162 255 1163 60 233 1164 1165 13 1166
 1167 1 1168 3 105 41 7 1169 758 1170 29 1171 1172 293 1173 3 1174 703 19 1175 3 797 35 3 1176
 1177 1 674 3 675 676 11 38 118 16 118 677 38 678 679 13 680 681 682 233 241 683 37 105 684 9 685
 1178 1 328 3 3 329 330 331 22 332 333 334 105 335 105 41 336 337 279 338 339 340
 1179 1 1180 3 1181 7 1182 3 807 1183 3 334 38 1184 506 105 41 3 175 1185 38 13 498 1186 1187 1188
 1189 1 1190 3 22 1191 16 41 1192 3 1193 108 1109 3 702 35 248 13 1067 9 1194 1195 22 1196 60 22 1197
 1198 1 222 3 3 19 1002 13 217 50 22 361 38 1003 102 1004 3 194 21 197 1005 726 1006 38 287 272 1007 1008
 1199 545 195 1200 105 41 1201 3 60 1202 3 257 1203
 1204 1 222 3 223 7 13 224 38 124 3 193 279 280 281 3 3 62 117 118 282 32 233 117 118 237 175 283 284 285
 391 1 100 3 50 22 101 9 102 103 104 105 106 29 13 107 108 109 110 111 112 3 27 113 110 114
 1205 1 1206 3 22 1207 108 212 1208 22 1207 38 13 1209 1044 1210 1211 3 195 795 105 41 1208 195 795 38 1212
 1213 1 1214 3 1058 41 180 1061 1215 1044 933 318 1099 1216 1217 1218 1219 3 3 26 1220 554 35 1221
 1222 1 1223 3 1224 1225 1226 110 1227 235 105 1228 1229 3 1174 1230 7 1231 131 1232 38 1233 235 22 1234 283 1235
 1236 1 48 3 49 50 51 52 53 54 21 22 55 38 13 56 27 57 37 22 58 59 60 21 51 61 62 3 63
 1237 1 48 3 49 50 51 52 53 54 21 22 55 38 13 56 27 57 37 22 58 59 60 21 51 61 62 3 63
 1107 1 1108 3 41 3 3 22 276 105 1238 554 16 1239 1240 44 45 1241 44 45 1242
 1243 1 100 3 50 22 101 9 102 103 104 105 106 29 13 107 108 109 110 111 112 3 27 113 110 114
 1244 1 561 3 3 562 241 563 564 565 3 566 351 38 567 568 7 569 570 3 571 572 573 574
 1245 1 377 3 16 1246 1157 1247 38 13 1248 105 41 7 738 29 909 3 233 1249 867 1250 572 13 1251
 1252 1 1253 3 1254 1157 1255 1256 1257 3 1157 1258 1259 3 1157 1260 1261 7 816 7 452 38 13 525 108 1262 3 3 3 1263
 1264 1 1265 3 307 33 1266 108 1267 7 1268 3 1269 1270 318 13 1271 32 1272 1273 233 1274 60 233 257 1275 38 1276 1247 945 1277
 457 1 1278 3 1279 1280 866 1281 22 41 520 3 702 645 1282 731 3 3 1283 45 1284
 192 1 222 3 3 116 1262 241 195 118 1285 256 1286 279 1287 413 237 13 1288 56 3 3 1289 331 3 1290 3 760
 1291 1 48 3 49 50 51 52 53 54 21 22 55 38 13 56 27 57 37 22 58 59 60 21 51 61 62 3 63
 1056 1 210 3 175 211 108 212 213 35 195 214 215 216 7 30 217 108 212 218 38 219
 1292 1 1029 3 206 1030 1031 1032 38 124 9 1033 195 1034 38 1035 193 41 167 237 204 1036
 1293 1 1294 3 41 3 3 30 1295 16 1296 1297 137 284 241 1298 1299 105 1300 29 22 261 3 3 13 1301
 1302 1 1303 3 1304 1305 1306 676 1307 743 1308 1309 38 1310 3 1098 1311 197 1312 13 1313 105 1314 3 120 1315
 1316 1 178 3 179 180 181 182 183 71 184 75 185 186 187 188 189 190 191 70 41 77 63
 1317 1 1318 3 22 1319 60 22 1320 38 790 60 105 1321 27 1322 3 22 41 1323 30 1324 1325
 1326 1 2 3 4 5 6 7 8 3 9 10 3 11 12 3 7 13 14 15 16 17 18 3 3 3 19 20 21 22 23
 1327 1 1328 3 207 224 1329 38 494 3 1330 38 13 807 1331 3 9 1332 193 38 1333 266 1334
 1335 41 1052 1336 195 200 38 1337 7 1169 108 1338 1339 110 1340 1341 29 1342 3 3 1174 337 117 35 14 1343 867 195 795 120 38 303 600 1344 45 1345 44 45 1346
 1347 1 222 3 223 7 13 224 38 124 3 193 279 280 281 3 3 62 117 118 282 32 233 117 118 237 175 283 284 285
 457 1 100 3 50 22 101 9 102 103 104 105 106 29 13 107 108 109 110 111 112 3 27 113 110 114
 1348 1 1349 3 797 19 1350 742 22 41 1351 21 19 734 1352 13 1353 38 529 9 1354 1355 175 1356
 606 1 1357 3 1358 13 1359 38 1360 3 1361 3 241 1362 1363 3 50 19 1364 1365 1366 1367 1368 1369 3 3 3 1370
 1371 1 1082 3 1372 570 1060 22 225 247 227 1373 223 7 13 224 38 381 9 1374 21 195 287 1375 1376
 1377 1 1349 3 797 19 1350 742 22 41 1351 21 19 734 1352 13 1353 38 529 9 1354 1355 175 1356
 1378 1 100 3 50 22 101 9 102 103 104 105 106 29 13 107 108 109 110 111 112 3 27 113 110 114
 365 1 1278 3 1279 1280 866 1281 22 41 520 3 702 645 1282 731 3 3 1283 45 1284
 1379 1 1380 3 702 757 60 1381 758 515 1382 38 645 212 60 1383 7 204 1384 21 33 1385 494 3 13 379 1386
 1387 1 1118 3 44 45 1119 1120 60 35 175 516 1085 38 1086 3 439 38 1121 1122 3 1123 293 1124
 1388 1 100 3 50 22 101 9 102 103 104 105 106 29 13 107 108 109 110 111 112 3 27 113 110 114
 1389 1 1390 3 303 1391 29 13 1392 62 1393 30 1394 1395 3 303 1391 449 13 1392 62 1393 30 1396 1397 1208 229
 1398 1 222 3 223 7 13 224 38 124 3 193 60 22 225 38 13 226 227 228 207 206 229
 1399 1 1018 3 58 59 3 3 3 62 676 1400 38 1401 3 1402 648 7 1403 116 255 1355 1184 1059 506 3 1404 38 1405
 1406 1 178 3 179 180 181 182 183 71 184 75 185 186 187 188 189 190 191 70 41 77 63
 1407 1408 29 22 1321 3 175 1409 38 1410 60 1184 746 1411 29 13 1412 3 3 1413 193 7 13 1414 1415 16 1416 29 1417 1418 1419 1420 29 1421 3 22 1422 1423 38 1424 29 1425 1184 1426 1427 29 22 41 44 45 1428
 1429 1 444 3 195 445 124 446 30 447 448 449 195 450 451 7 452 38 453 454 256 26 455
 1430 1 222 3 3 116 1262 241 195 118 1285 256 1286 279 1287 413 237 13 1288 56 3 3 1289 331 3 1290 3 760
 1116 1 222 3 223 7 13 224 38 124 3 193 279 280 281 3 3 62 117 118 282 32 233 117 118 237 175 283 284 285
 1431 70 1432 195 1433 108 1434 44 45 1435 41
 1431 279 1436 105 3 58 59 3 3 1437 603 29 3 1438 7 1439 195 1440 38 1441 3 44 45 1442 41
 1443 1 100 3 50 22 101 9 102 103 104 105 106 29 13 107 108 109 110 111 112 3 27 113 110 114
 1444 1 1445 3 1446 1447 1448 1449 765 1450 279 1451 1452 70 41 145 1453 187 1454 1455 279 1456 1457 187 1458 1459 1460
 1116 1 222 3 223 7 13 224 38 124 3 193 60 22 225 38 13 226 227 228 207 206 229
 1461 1 1462 3 105 1463 16 1464 3 105 549 1312 168 1465 3 3 348 1466 7 1467 110 1468 846 1469 1470 1471
 1472 1 48 3 49 50 51 52 53 54 21 22 55 38 13 56 27 57 37 22 58 59 60 21 51 61 62 3 63
 1137 1 1473 3 100 1474 21 62 1201 1164 1225 3 3 3 3 3 21 105 1475 933 1476 105 41 1477
 1478 1 1082 3 1372 570 1060 22 225 247 227 1373 223 7 13 224 38 381 9 1374 21 195 287 1375 1376
 1479 1 222 3 195 287 288 193 289 195 3 290 291 292 293 294 3 38 295 60 296 256 297
 1480 1 377 3 16 1246 1157 1247 38 13 1248 105 41 7 738 29 909 3 233 1249 867 1250 572 13 1251
 942 1 355 3 356 16 357 358 105 206 124 359 360 38 193 37 22 361 38 362 60 22 363
 1481 1 1126 3 1127 175 1128 1129 1130 1013 50 1131 303 1132 1133 22 1134 7 710 867 516 1013 1135
 1482 1 1029 3 206 1030 1031 1032 38 124 9 1033 195 1034 38 1035 193 41 167 237 204 1036
 1483 1 193 3 194 195 196 21 197 198 3 19 199 21 195 200 201 202 203 38 204 205 32 206 207 208
 1484 1 1126 3 1127 175 1128 1129 1130 1013 50 1131 303 1132 1133 22 1134 7 710 867 516 1013 1135
 1357 1358 13 1359 38 1360 3 1361 3 241 1362 1363 3 50 19 1364 1365 1366 1367 1368 1369 3 3 3 1485
 1486 1 100 3 50 22 101 9 102 103 104 105 106 29 13 107 108 109 110 111 112 3 27 113 110 114
 1487 1 222 3 223 7 13 224 38 124 3 193 279 280 281 3 3 62 117 118 282 32 233 117 118 237 175 283 284 285
 1488 1 1328 3 207 224 1329 38 494 3 1330 38 13 807 1331 3 9 1332 193 38 1333 266 1334
 1489 1 1490 3 22 1491 1492 38 381 303 1493 1494 1495 1496 1497 37 105 1498 529 9 303 27 1312 30 1499
 1500 1 222 3 223 7 13 224 38 124 3 193 60 22 225 38 13 226 227 228 207 206 229
 1501 1 1265 3 307 33 1266 108 1267 7 1268 3 1269 1270 318 13 1271 32 1272 1273 233 1274 60 233 257 1275 38 1276 1247 945 1277
 1213 1 1502 3 647 718 54 3 3 1503 494 257 279 1504 1419 1505 318 13 1506 1507 51 22 1508 3 434 1509 1510 35 30 1511
 1512 1513 19 1514 1515 13 1516 1517 1518 287 790 279 645 1519 131 1520 1521 1522 41
 1523 1524 105 58 59 107 1525 45 1526
 1527 1 1118 3 44 45 1119 1120 60 35 175 516 1085 38 1086 3 439 38 1121 1122 3 1123 293 1124
 1528 1 222 3 223 7 13 224 38 124 3 193 279 280 281 3 3 62 117 118 282 32 233 117 118 237 175 283 284 285
 1529 1 222 3 223 7 13 224 38 124 3 193 279 280 281 3 3 62 117 118 282 32 233 117 118 237 175 283 284 285
 1530 22 41 1531 1532 38 13 1533 7 1534 120 284 1535 195 1267 137 1536 1537 44 45 1538
 1539 1 674 3 675 676 11 38 118 16 118 677 38 678 679 13 680 681 682 233 241 683 37 105 684 9 685
 327 1 100 3 50 22 101 9 102 103 104 105 106 29 13 107 108 109 110 111 112 3 27 113 110 114
 1540 1 444 3 195 445 124 446 30 447 448 449 195 450 451 7 452 38 453 454 256 26 455
 1479 1 1541 3 41 3 1542 180 3 381 60 1543 361 1544 14 3 3 9 676 1545 16 1546 137 1547
 1548 1 1549 3 1550 566 26 1551 1552 3 22 276 105 1553 27 1554 110 791 1555 21 195 1556 1557 3 1558 38 1559
 1560 1 193 3 194 195 196 21 197 198 3 19 199 21 195 200 201 202 203 38 204 205 32 206 207 208
 1561 1 312 3 19 313 314 3 315 316 112 7 317 318 319 320 321 29 322 323 116 324 325 195 326
 1562 1 1563 3 1564 41 506 3 3 1565 718 13 71 1566 22 1567 1568 22 1569 1570
 1399 1 548 3 22 549 102 550 105 551 552 553 241 554 118 555 21 105 556 557 41 558 44 45 559
 1487 1 1018 3 1019 1020 3 3 3 1021 1022 1023 37 1024 38 13 525 105 335 58 59 1025 1026 279 1027
 1137 1 1380 3 702 757 60 1381 758 515 1382 38 645 212 60 1383 7 204 1384 21 33 1385 494 3 13 379 1386
 1571 1 100 3 50 22 101 9 102 103 104 105 106 29 13 107 108 109 110 111 112 3 27 113 110 114
 1213 1 1214 3 1058 1059 1061 1572 1551 1573 1098 195 1574 1575 3 22 1576 27 1554 110 791 1555 21 195 1556 1557 3 3 1577
 1578 1 1579 3 175 1580 802 293 1581 38 348 38 1021 1582 195 1044 1583 1044 1584 108 809 6 7 13 3 948 760
 1000 1 1349 3 797 19 1350 742 22 41 1351 21 19 734 1352 13 1353 38 529 9 1354 1355 175 1356
 1479 1 222 3 3 116 1262 241 195 118 1285 256 1286 279 1287 413 237 13 1288 56 3 3 1289 331 3 1290 3 760
 1585 1 1278 3 1279 1280 866 1281 22 41 520 3 702 645 1282 731 3 3 1283 45 1284
 1586 1 1587 3 1588 41 44 45 1589
 607 1 1590 3 572 1591 1592 60 22 58 59 3 1593 676 1594 720 38 1595 1596 41 1597 44 45 1598
 1599 1 1600 3 3 124 755 16 452 22 1601 38 193 318 195 196 256 279 198 1602 13 610 3 105 41 3 1197
 1603 1 674 3 675 676 11 38 118 16 118 677 38 678 679 13 680 681 682 233 241 683 37 105 684 9 685
 1604 1 100 3 50 22 101 9 102 103 104 105 106 29 13 107 108 109 110 111 112 3 27 113 110 114
 1605 1 1029 3 206 1030 1031 1032 38 124 9 1033 195 1034 38 1035 193 41 167 237 204 1036
 1606 1 916 3 1607 180 3 796 1608 11 175 1609 1518 1610 1611 235 175 41 44 45 1612
 1613 1 561 3 3 562 241 563 564 565 3 566 351 38 567 568 7 569 570 3 571 572 573 574
 1614 1 1057 3 1058 41 167 1059 1060 386 1061 808 60 62 3 1062 175 1063 16 1064 63
 1615 1 178 3 125 1616 1617 1618 1619 155 1452 1620 3 416 996 1621 1622 400 1455 111 1623 70 41 1624 1356
 1625 1 2 3 4 5 6 7 8 3 9 10 3 11 12 3 7 13 14 15 16 17 18 3 3 3 19 20 21 22 23
 1626 1 1627 3 1628 1629 1362 1630 318 175 1064 1631 1632 175 1633 1634 13 1635 60 303 1636 449 175 1637 3 285
 1638 1 1639 3 1640 38 1641 1642 3 195 1643 1162 1644 1645 38 1646 1647 334 38 1648 1649
 1650 1 163 3 164 22 165 166 22 41 7 167 168 169 22 170 171 172 173 3 174 175 176
 1651 1 1541 3 41 3 1542 180 3 381 60 1543 361 1544 14 3 3 9 676 1545 16 1546 137 1547
 1652 1 1018 3 3 116 117 35 1068 116 1365 27 16 1653 38 743 3 1021 1654 550 100 3 1655 108 937 105 41 63
 1656 1 1657 3 279 348 6 293 1045 1658 3 233 26 1659 35 13 1660 38 1661 9 1662 449 22 1663
 1664 1 178 3 179 180 181 182 183 71 184 75 185 186 187 188 189 190 191 70 41 77 63
 1665 1 100 3 50 22 101 9 102 103 104 105 106 29 13 107 108 109 110 111 112 3 27 113 110 114
 1666 1 222 3 223 7 13 224 38 124 3 193 60 22 225 38 13 226 227 228 207 206 229
 1667 1 222 3 3 19 1002 13 217 50 22 361 38 1003 102 1004 3 194 21 197 1005 726 1006 38 287 272 1007 1008
 1668 1 1669 3 1670 337 491 11 1671 1672 29 891 116 21 1673 22 41 1674 1098 13 1675 199 38 1676
 1677 899 901 41 1678 30 1679 38 1680 7 1681 3 1360 1682 554 35 868
 1683 1684 53 1685 743 1686 13 153 3 1687 1688
 1689 1 222 3 223 7 13 224 38 124 3 193 279 280 281 3 3 62 117 118 282 32 233 117 118 237 175 283 284 285
 1690 1 178 3 179 180 181 182 183 71 184 75 185 186 187 188 189 190 191 70 41 77 63
 1691 1 1692 3 145 1693 180 1694 1695 1696 1697 1698 3 1699 1700 1701 1702 3 1703 1704 1705 628 1705 621 1706
 1707 1 1118 3 44 45 1119 1120 60 35 175 516 1085 38 1086 3 439 38 1121 1122 3 1123 293 1124
 1444 1 1082 3 1083 1060 30 1708 1709 38 1710 1711 37 175 1085 38 1086 1712 334 38 1087 105 41 44 45 1713
 1479 1 728 3 729 730 731 732 241 733 536 71 9 734 22 735 3 3 3 736 737 738 81
 1714 1 444 3 195 445 124 446 30 447 448 449 195 450 451 7 452 38 453 454 256 26 455
 1051 1 674 3 1715 1716 131 1717 303 1718 16 1719 60 303 1720 318 1721 108 1722 105 1723 1724 3 1725
 1726 1 48 3 49 50 51 52 53 54 21 22 55 38 13 56 27 57 37 22 58 59 60 21 51 61 62 3 63
 1264 41 449 180 3 3 3 1727 702 1727 32 3 44 45 1728
 1729 1 222 3 223 7 13 224 38 124 3 193 279 280 281 3 3 62 117 118 282 32 233 117 118 237 175 283 284 285
 1075 1 100 3 50 22 101 9 102 103 104 105 106 29 13 107 108 109 110 111 112 3 27 113 110 114
 1730 1 222 3 223 7 13 224 38 124 3 193 279 280 281 3 3 62 117 118 282 32 233 117 118 237 175 283 284 285
 1731 1 674 3 675 676 11 38 118 16 118 677 38 678 679 13 680 681 682 233 241 683 37 105 684 9 685
 1732 1 1733 3 50 22 1581 105 1734 1735 38 1736 3 1737 38 13 1738 1739 105 1463 3 1740 22 1741
 1742 1 1743 3 1744 105 1745 495 37 22 1746 1747 1748 16 1749 3 1750 41 44 45 1751
 1560 1 444 3 195 445 124 446 30 447 448 449 195 450 451 7 452 38 453 454 256 26 455
 1752 1 472 3 473 474 475 279 476 477 478 182 479 3 480 481 482 483 484 70 485 486 487 488 489 490
 1753 1 100 3 50 22 101 9 102 103 104 105 106 29 13 107 108 109 110 111 112 3 27 113 110 114
 1754 1 1755 3 1756 1757 3 1758 1759 37 105 41 3 3 1760 1761 16 461 38 1762 3 35 38 1756 933 1763
 1764 1 178 3 179 180 181 182 183 71 184 75 185 186 187 188 189 190 191 70 41 77 63
 1765 1 222 3 223 7 13 224 38 124 3 193 279 280 281 3 3 62 117 118 282 32 233 117 118 237 175 283 284 285
 1766 1 1767 3 1712 1254 7 1768 195 111 112 32 1769 3 1770 3 1771 3 1772 3 1773 3 1774 3 1775 3 1776 3 1777
 1692 1 1692 3 1778 1779 3 1780 1781 1782 1783 1698 1784 3 1785 783 1786 1787 1788 1789 1790 3 1791
 1487 1 100 3 50 22 101 9 102 103 104 105 106 29 13 107 108 109 110 111 112 3 27 113 110 114
 1792 1 653 3 654 414 655 656 657 3 658 659 660 661 662 3 663 664 665 666 38 667 668 669 670 671 3 655 672
 1667 1 1793 3 116 1794 3 7 1795 3 1796 1797 7 1798 29 322 38 645 1799 7 1800 195 1801 112 3 3 1174 13 1802 105 1803 1804
 1805 1 222 3 223 7 13 224 38 124 3 193 279 280 281 3 3 62 117 118 282 32 233 117 118 237 175 283 284 285
 1707 1 1278 3 1279 1280 866 1281 22 41 520 3 702 645 1282 731 3 3 1283 45 1284
 1806 1 1473 3 100 1474 21 62 1201 1164 1225 3 3 3 3 3 21 105 1475 933 1476 105 41 1477
 1807 1 1349 3 797 19 1350 742 22 41 1351 21 19 734 1352 13 1353 38 529 9 1354 1355 175 1356
 1808 1 222 3 3 19 1002 13 217 50 22 361 38 1003 102 1004 3 194 21 197 1005 726 1006 38 287 272 1007 1008
 1809 1 1657 3 279 348 6 293 1045 1658 3 233 26 1659 35 13 1660 38 1661 9 1662 449 22 1663
 1692 1 1692 3 1778 1810 1811 1812 1813 621 1814 1815 3 1810 1816 1817 1818 1781 1819 1820 1821
 1822 1 222 3 223 7 13 224 38 124 3 193 279 280 281 3 3 62 117 118 282 32 233 117 118 237 175 283 284 285
 1823 1824 41 1825 137 395 1826 1827 400 233 1828 1829 1830 32 1831 1832 691 153 137
 1833 1 1834 3 1835 1836 1837 1838 1839 1840 691 153 3 1841 1842 143 1843 1832 691 150 765 1844 3 3 1845 1846 1847 1848 1197
 1849 1 2 3 4 5 6 7 8 3 9 10 3 11 12 3 7 13 14 15 16 17 18 3 3 3 19 20 21 22 23
 1444 1 1057 3 1058 41 167 1059 1060 386 1061 808 60 62 3 1062 175 1063 16 1064 63
 1850 1 1039 3 974 3 3 30 1040 1041 3 336 105 1042 3 3 1043 1044 1045 16 1046 1047 195 540 16 1048 1049 1050
 1483 1 100 3 50 22 101 9 102 103 104 105 106 29 13 107 108 109 110 111 112 3 27 113 110 114
 1851 1 1793 3 116 1794 3 7 1795 3 1796 1797 7 1798 29 322 38 645 1799 7 1800 195 1801 112 3 3 1174 13 1802 105 1803 1804
 1852 1 100 3 50 22 101 9 102 103 104 105 106 29 13 107 108 109 110 111 112 3 27 113 110 114
 1853 1 222 3 223 7 13 224 38 124 3 193 279 280 281 3 3 62 117 118 282 32 233 117 118 237 175 283 284 285
 1854 1 1563 3 1564 41 506 3 3 1565 718 13 71 1566 22 1567 1568 22 1569 1570
 1855 1 1856 3 1857 1858 187 1859 416 1860 1861 3 1862 1863 1864 1865 3 1866 1867 1868 1869 1870 142 1871
 1872 1 1639 3 1640 38 1641 1642 3 195 1643 1162 1644 1645 38 1646 1647 334 38 1648 1649
 1692 145 1693 180 1694 1695 1696 1697 1698 3 1699 1700 1701 1702 3 1703 1704 1705 628 1705 621 1873 3 1874 3 1875 41 1876 3 145 1877 1878 1879 3 3 1880 3 1881 1882 1810 1883 1884
 1885 1 1886 3 194 1887 3 863 110 1282 38 1888 1889 38 303 743 1890 38 1646 1647 3 116 1262 241 1891
 1399 1 1328 3 207 224 1329 38 494 3 1330 38 13 807 1331 3 9 1332 193 38 1333 266 1334
 1487 1 1892 3 1893 1894 1895 1896 790 1897 1898 1899 1900 207 206 1901 81
 1357 1 1358 3 37 1902 3 1903 1904 38 776 1905 3 1906 22 1907 1908 195 1909 38 1164 1910 1911 1912 1913
 1656 1 1914 3 195 1580 1915 38 494 13 1916 38 1917 318 22 1918 38 348 1919 235 13 1920
 1921 1 1549 3 1550 566 26 1551 1552 3 22 276 105 1553 27 1554 110 791 1555 21 195 1556 1557 3 1558 38 1559
 1922 1 1923 3 3 1924 902 1925 279 1926 645 1927 1928 337 279 1929 13 1930 1931 3 1932 38 1933 1934 1935 293 1936
 1937 195 1938 116 1794 279 13 1939 38 1940 3 1941 1942 1943 1944 60 41 27 1945 29 195 449 1946 44 45 1947
 1948 1 1949 3 3 307 33 1950 35 1951 3 13 1952 241 1953 3 3 195 1954 38 13 1955 7 1956 105 41 1957 867 1958 1959
 576 1 100 3 50 22 101 9 102 103 104 105 106 29 13 107 108 109 110 111 112 3 27 113 110 114
 1960 1 48 3 49 50 51 52 53 54 21 22 55 38 13 56 27 57 37 22 58 59 60 21 51 61 62 3 63
 1961 1962 1362 1963 13 1964 293 41 272 102 195 1965 1966
 1967 1 916 3 1607 180 3 796 1608 11 175 1609 1518 1610 1611 235 175 41 44 45 1612
 973 1 2 3 4 5 6 7 8 3 9 10 3 11 12 3 7 13 14 15 16 17 18 3 3 3 19 20 21 22 23
 457 1 1278 3 60 53 16 1968 60 53 1969 237 22 1970 60 53 110 1971 3 60 180 318 22 41 3 1972
 1973 1 222 3 223 7 13 224 38 124 3 193 279 280 281 3 3 62 117 118 282 32 233 117 118 237 175 283 284 285
 1974 1 1975 3 1338 1976 7 1182 29 1977 13 1978 9 26 705 35 27 1979 731 87 1980 1981
 1982 1 1983 3 1984 3 337 241 1267 1985 22 573 41 1986 1987 1988 611 44 45 1989
 1990 1 222 3 223 7 13 224 38 124 3 193 279 280 281 3 3 62 117 118 282 32 233 117 118 237 175 283 284 285
 1991 1 929 3 41 930 13 931 932 105 933 934 935 131 852 936 195 937 3 938 939 21 940
 1992 1 444 3 195 445 124 446 30 447 448 449 195 450 451 7 452 38 453 454 256 26 455
 1213 1 232 3 3 233 117 35 234 235 30 236 16 149 237 13 238 3 120 233 117 35 105 239 21 240 3 233 241 105 242 3 105 243
 1993 1 100 3 50 22 101 9 102 103 104 105 106 29 13 107 108 109 110 111 112 3 27 113 110 114
 1615 1 178 3 1994 279 1995 180 190 1996 70 41 1997 44 45 1998
 1999 1 1549 3 1550 566 26 1551 1552 3 22 276 105 1553 27 1554 110 791 1555 21 195 1556 1557 3 1558 38 1559
 2000 1 2001 3 29 195 1938 3 2002 2003 1934 1596 29 13 153 60 1934 1596 29 1401 3 3 13 948 2004
 2005 1 222 3 223 7 13 224 38 124 3 193 279 280 281 3 3 62 117 118 282 32 233 117 118 237 175 283 284 285
 1561 1 841 3 4 842 318 13 843 110 844 845 515 7 452 846 847 38 848 3 255 849 334 38 850 111 105 651
 2006 1 1549 3 1550 566 26 1551 1552 3 22 276 105 1553 27 1554 110 791 1555 21 195 1556 1557 3 1558 38 1559
 2007 1 2008 3 2009 2010 3 7 348 3 2011 2012 2013 3 105 1196 2014 3 3 259 3 2015 259 2016 1120 3 33 2017 2018
 2019 1 2020 3 453 2021 56 9 2022 2023 445 2024 2025 60 2026 2027 2028 60 225 38 2029
 2030 195 2031 38 2032 3 3 3 2033 2034 2035 38 13 153 60 105 933 2036 41 2037 2038 2039 44 45 2040
 606 1 1264 3 41 3 702 2041 131 1287 3 44 45 2042
 2043 1 2044 3 29 1987 2045 2046 2047 3 1219 1514 2048 30 2049 29 2050 168 947 7 2051 2052
 2053 1 48 3 49 50 51 52 53 54 21 22 55 38 13 56 27 57 37 22 58 59 60 21 51 61 62 3 63
 2054 1 444 3 195 445 124 446 30 447 448 449 195 450 451 7 452 38 453 454 256 26 455
 2055 1 222 3 3 19 1002 13 217 50 22 361 38 1003 102 1004 3 194 21 197 1005 726 1006 38 287 272 1007 1008
 2056 1 444 3 195 445 124 446 30 447 448 449 195 450 451 7 452 38 453 454 256 26 455
 1922 1 2057 3 29 1044 933 318 1099 3 53 213 35 868 13 2058 38 13 2059 105 3 58 59 3 41 180 44 2060
 1638 1 222 3 223 7 13 224 38 124 3 193 60 22 225 38 13 226 227 228 207 206 229
 635 1 1563 3 1564 41 506 3 3 1565 718 13 71 1566 22 1567 1568 22 1569 1570
 2061 2062 9 213 2063 35 280 195 283 853 38 743 105 2064 16 2065 468 2066 3 337 301 2067 572 640 38 13 641 60 361 108 2068 38 1003 3 60 38 54 21 105 549 2069 22 2070 3 356 22 41 2069 13 2071 137
 1742 1 1743 3 272 102 338 2072 37 22 2073 2074 1747 2075 16 1749 2076 3 272 27 118 38 2077 7 2078
 2079 1 222 3 223 7 13 224 38 124 3 193 60 22 225 38 13 226 227 228 207 206 229
 2080 1 178 3 179 180 181 182 183 71 184 75 185 186 187 188 189 190 191 70 41 77 63
 1483 1 222 3 223 7 13 224 38 124 3 193 279 280 281 3 3 62 117 118 282 32 233 117 118 237 175 283 284 285
 2081 1 2082 3 175 2083 758 2084 2085 3 16 2086 105 41 3 2087 3 2088 60 2089 110 2090 37 105 830 22 1569 2091
 2092 1 1462 3 105 1463 16 1464 3 105 549 1312 168 1465 3 3 348 1466 7 1467 110 1468 846 1469 1470 1471
 2093 1 178 3 179 180 181 182 183 71 184 75 185 186 187 188 189 190 191 70 41 77 63
 1038 1 548 3 22 549 102 550 105 551 552 553 241 554 118 555 21 105 556 557 41 558 44 45 559
 1116 1 561 3 3 562 241 563 564 565 3 566 351 38 567 568 7 569 570 3 571 572 573 574
 1999 1 841 3 4 842 318 13 843 110 844 845 515 7 452 846 847 38 848 3 255 849 334 38 850 111 105 651
 2094 2095 180 3 796 1608 11 175 1609 1518 1610 1611 235 175 2096 44 45 2097
 2098 1 2099 3 41 2100 506 3 2101 2102 2103 2104 2105 2106 2107 2108 2109 2110 2111 2112 2113 2114
 2115 1 48 3 49 50 51 52 53 54 21 22 55 38 13 56 27 57 37 22 58 59 60 21 51 61 62 3 63
 2116 1 1294 3 41 3 3 30 1295 16 1296 1297 137 284 241 1298 1299 105 1300 29 22 261 3 3 13 1301
 2117 1 222 3 223 7 13 224 38 124 3 193 279 280 281 3 3 62 117 118 282 32 233 117 118 237 175 283 284 285
 2118 1 178 3 179 180 181 182 183 71 184 75 185 186 187 188 189 190 191 70 41 77 63
 2119 1 312 3 19 313 314 3 315 316 112 7 317 318 319 320 321 29 322 323 116 324 325 195 326
 2120 1 232 3 3 233 117 35 234 235 30 236 16 149 237 13 238 3 120 233 117 35 105 239 21 240 3 233 241 105 242 3 105 243
 606 1 2121 3 2122 53 2123 2124 2125 1618 2126 2127 2128 41 133 1052 2129 2130
 2131 2132 71 2133 2134 41 767 2135 2136 2137 1455 2138 2139 692 279 2140 786 2141 2142 2143 2144 2145 2146 3 2147 2143 2144 2145 2148 3 3 2149 990 146 2145 2150 3 2151 190 2146 3 2152 2153 2154 988 44 45 2155
 2156 1 2157 3 19 2158 2159 2160 60 197 2161 2162 3 3 3 1254 22 2163 19 2164 38 13 2165 60 30 2166 2167 21 19 26 2168 35 2169
 2170 1 2171 3 2172 566 1181 334 38 909 105 41 3 2173 549 102 338 2174 37 105 2175 3 2176 2177
 1444 1 100 3 50 22 101 9 102 103 104 105 106 29 13 107 108 109 110 111 112 3 27 113 110 114
 2178 1 193 3 194 195 196 21 197 198 3 19 199 21 195 200 201 202 203 38 204 205 32 206 207 208
 2179 1 178 3 179 180 181 182 183 71 184 75 185 186 187 188 189 190 191 70 41 77 63
 2180 1 222 3 3 124 753 7 193 754 60 755 16 452 468 756 3 3 3 116 117 35 757 758 287 21 38 759 3 760
 1213 1 1349 3 797 19 1350 742 22 41 1351 21 19 734 1352 13 1353 38 529 9 1354 1355 175 1356
 1732 1 2 3 4 5 6 7 8 3 9 10 3 11 12 3 7 13 14 15 16 17 18 3 3 3 19 20 21 22 23
 973 2181 2182 2183 2184 2185 2186 2187 2188 2189 45 2190 2191 2192
 1125 1 222 3 223 7 13 224 38 124 3 193 60 22 225 38 13 226 227 228 207 206 229
 2193 1 222 3 223 7 13 224 38 124 3 193 279 280 281 3 3 62 117 118 282 32 233 117 118 237 175 283 284 285
 2194 1 222 3 223 7 13 224 38 124 3 193 279 280 281 3 3 62 117 118 282 32 233 117 118 237 175 283 284 285
 1264 41 3 702 2041 131 1287 3 44 45 2042
 2195 1 178 3 179 180 181 182 183 71 184 75 185 186 187 188 189 190 191 70 41 77 63
 2196 1 2197 3 2198 2199 2200 16 452 235 468 2201 29 22 261 105 2202 41 3 3 1025 2203
 2204 1 1029 3 206 1030 1031 1032 38 124 9 1033 195 1034 38 1035 193 41 167 237 204 1036
 1990 1 222 3 223 7 13 224 38 124 3 193 60 22 225 38 13 226 227 228 207 206 229
 2205 1 1265 3 307 33 1266 108 1267 7 1268 3 1269 1270 318 13 1271 32 1272 1273 233 1274 60 233 257 1275 38 1276 1247 945 1277
 1489 1 1733 3 50 22 1581 105 1734 1735 38 1736 3 1737 38 13 1738 1739 105 1463 3 1740 22 1741
 2206 1 222 3 3 124 753 7 193 754 60 755 16 452 468 756 3 3 3 116 117 35 757 758 287 21 38 759 3 760
 2207 1 2020 3 453 2021 56 9 2022 2023 445 2024 2025 60 2026 2027 2028 60 225 38 2029
 1766 1 444 3 195 445 124 446 30 447 448 449 195 450 451 7 452 38 453 454 256 26 455
 2121 2122 53 2123 2124 2125 1618 2126 2127 2128 41 133 1052 2129 2208 2209 2210 2211 2212 2213 2214 2215 2216 2217 2218
 2219 1 222 3 223 7 13 224 38 124 3 193 279 280 281 3 3 62 117 118 282 32 233 117 118 237 175 283 284 285
 1753 1 1349 3 797 19 1350 742 22 41 1351 21 19 734 1352 13 1353 38 529 9 1354 1355 175 1356
 2220 1 1541 3 41 3 1542 180 3 381 60 1543 361 1544 14 3 3 9 676 1545 16 1546 137 1547
 2221 1 100 3 50 22 101 9 102 103 104 105 106 29 13 107 108 109 110 111 112 3 27 113 110 114
 2222 1 222 3 3 124 753 7 193 754 60 755 16 452 468 756 3 3 3 116 117 35 757 758 287 21 38 759 3 760
 2223 1 100 3 50 22 101 9 102 103 104 105 106 29 13 107 108 109 110 111 112 3 27 113 110 114
 2224 1 222 3 223 7 13 224 38 124 3 193 279 280 281 3 3 62 117 118 282 32 233 117 118 237 175 283 284 285
 2225 1 1358 3 37 1902 3 1903 1904 38 776 1905 3 1906 22 1907 1908 195 1909 38 1164 1910 1911 1912 1913
 2226 1 1358 3 37 1902 3 1903 1904 38 776 1905 3 1906 22 1907 1908 195 1909 38 1164 1910 1911 1912 1913
 2227 1 178 3 179 180 181 182 183 71 184 75 185 186 187 188 189 190 191 70 41 77 63
 869 1 1639 3 1640 38 1641 1642 3 195 1643 1162 1644 1645 38 1646 1647 334 38 1648 1649
 2228 1 222 3 223 7 13 224 38 124 3 193 279 280 281 3 3 62 117 118 282 32 233 117 118 237 175 283 284 285
 1489 1 100 3 50 22 101 9 102 103 104 105 106 29 13 107 108 109 110 111 112 3 27 113 110 114
 2229 1 222 3 223 7 13 224 38 124 3 193 279 280 281 3 3 62 117 118 282 32 233 117 118 237 175 283 284 285
 2230 1 2231 3 2232 2233 2234 2235 2236 628 2237 2238 621 2239 3 3 2236 2240 2241 621 2242 1812 2243 63
 962 1 2244 3 2245 2246 1059 2247 195 2248 1367 2249 16 2250 2251 7 2252 2253 2254 1972
 2255 1 100 3 2256 544 2257 2258 41 44 45 2259
 162 1 222 3 223 7 13 224 38 124 3 193 279 280 281 3 3 62 117 118 282 32 233 117 118 237 175 283 284 285
 2260 1 444 3 195 445 124 446 30 447 448 449 195 450 451 7 452 38 453 454 256 26 455
 2261 1 1349 3 797 19 1350 742 22 41 1351 21 19 734 1352 13 1353 38 529 9 1354 1355 175 1356
 963 964 53 965 187 966 233 415 3 3 3 344 17 967 968 3 969 3 970 3 2262 17 41 2263 3 561 1219 2264 2265 2266 2267 2268 2269 2270 44 45 2271
 1407 2272 2273 1408 29 22 1321 3 175 1409 38 1410 60 1184 746 1411 29 13 1412 3 3 1413 193 7 13 1414 1415 16 1416 29 2274 3 195 1418 1419 1420 29 1421 3 22 1422 1423 38 1424 29 1425 3 1184 1426 1427 29 22 41
 2275 1 312 3 19 313 314 3 315 316 112 7 317 318 319 320 321 29 322 323 116 324 325 195 326
 2276 1 100 3 50 22 101 9 102 103 104 105 106 29 13 107 108 109 110 111 112 3 27 113 110 114
 2277 1 178 3 420 266 420 725 1452 71 2278 2279 186 146 2280 17 1455 2281 2282 2283 2284
 2285 1 141 3 2286 70 2287 2288 3 2289 266 2290 146 70 2291 2292 142 2293 149 2294 71 2295 2296
 2297 1 2298 3 2299 237 22 2300 3 2301 7 743 175 2302 7 175 1154 3 33 2303 33 2304 318 22 2305 2306
 2307 1 222 3 223 7 13 224 38 124 3 193 60 22 225 38 13 226 227 228 207 206 229
 1922 1 48 3 49 50 51 52 53 54 21 22 55 38 13 56 27 57 37 22 58 59 60 21 51 61 62 3 63
 2308 2309 272 27 1129 2310 21 62 301 175 2311 2312 16 301 3 62 2313 892 320 1421 60 13 226 2314 41 2315 1673 791 35 32 22 2316 791 3 2317 108 2318 3 26 22 2319 35 2320 237 22 2321 3 2322
 2323 1 222 3 223 7 13 224 38 124 3 193 279 280 281 3 3 62 117 118 282 32 233 117 118 237 175 283 284 285
 606 1 2324 3 41 2325 44 45 2326
 2261 175 2327 241 2328 445 38 1917 3 2329 38 13 2330 108 283 3 359 30 2331 2332 2333 38 2334 318 175 287 3 9 384 237 3 175 2335 2336 3 3 3 3 3 16 2337 3 13 2338 2339 50 13 2340 105 2341 38 2342 318 22 2343 44 45 2344
 99 1 222 3 223 7 13 224 38 124 3 193 279 280 281 3 3 62 117 118 282 32 233 117 118 237 175 283 284 285
 1399 1 100 3 50 299 300 301 302 38 303 304 16 305 7 306 307 197 3 308 105 309 3 223 7 175 310
 1189 1 48 3 49 50 51 52 53 54 21 22 55 38 13 56 27 57 37 22 58 59 60 21 51 61 62 3 63
 2345 1 178 3 179 180 181 182 183 71 184 75 185 186 187 188 189 190 191 70 41 77 63
 2346 1 444 3 195 445 124 446 30 447 448 449 195 450 451 7 452 38 453 454 256 26 455
 2347 1 222 3 3 124 753 7 193 754 60 755 16 452 468 756 3 3 3 116 117 35 757 758 287 21 38 759 3 760
 2207 1 1380 3 702 757 60 1381 758 515 1382 38 645 212 60 1383 7 204 1384 21 33 1385 494 3 13 379 1386
 2020 453 2021 56 9 2022 2023 445 2024 2025 60 2026 2027 2028 60 225 38 2348 1362 2349 2350 279 2351 175 1555 38 2352 2353 3 702 2354 2355 2356 41 44 45 2357
 1430 1 100 3 50 22 101 9 102 103 104 105 106 29 13 107 108 109 110 111 112 3 27 113 110 114
 2358 1 2057 3 725 3 175 436 1711 37 175 1085 38 1066 7 13 461 3 3 21 2359 903 1298 137 41 1059 2360
 2361 1 1349 3 797 19 1350 742 22 41 1351 21 19 734 1352 13 1353 38 529 9 1354 1355 175 1356
 2297 1 2362 3 1727 3 272 102 2363 2364 21 13 807 758 287 117 35 108 2365 105 2366 60 105 649 13 2367 3 1663
 221 1 100 3 50 22 101 9 102 103 104 105 106 29 13 107 108 109 110 111 112 3 27 113 110 114
 2368 1 444 3 195 445 124 446 30 447 448 449 195 450 451 7 452 38 453 454 256 26 455
 2369 1 1462 3 105 1463 16 1464 3 105 549 1312 168 1465 3 3 348 1466 7 1467 110 1468 846 1469 1470 1471
 2370 1 1886 3 194 1887 3 863 110 1282 38 1888 1889 38 303 743 1890 38 1646 1647 3 116 1262 241 1891
 2371 1 764 3 765 279 766 400 70 41 767 414 402 768 769 187 153 3 770 144 146 143 771 353
 2372 1 193 3 194 195 196 21 197 198 3 19 199 21 195 200 201 202 203 38 204 205 32 206 207 208
 606 1 2373 3 2374 2375 116 1365 16 102 7 2376 32 2377 30 339 38 118 284 38 239 702 35 1543 2378 32 2379 2380 441
 2381 1 222 3 223 7 13 224 38 124 3 193 279 280 281 3 3 62 117 118 282 32 233 117 118 237 175 283 284 285
 2382 1 222 3 223 7 13 224 38 124 3 193 60 22 225 38 13 226 227 228 207 206 229
 2383 1 100 3 2256 544 2257 2258 41 44 45 2259
 2384 1 100 3 50 22 101 9 102 103 104 105 106 29 13 107 108 109 110 111 112 3 27 113 110 114
 2385 1 2386 3 2387 2388 2389 2390 2391 414 2392 2393 2394 2395 146 70 2396 2397 767 63
 2398 1 100 3 50 22 101 9 102 103 104 105 106 29 13 107 108 109 110 111 112 3 27 113 110 114
 2399 13 756 38 2400 3 195 287 2401 1034 7 13 2402 1367 610 3 41 241 2403 2404 1517 33 2405 2406 724 22 361 38 2407 30 2408 279 338 2409 29 2410 2411 175 2311 2412 2413 38 249 2414 37 2415 2416
 2417 1 595 3 596 3 195 597 598 241 599 337 491 600 601 602 7 116 21 22 603 7 13 604
 2418 1 1278 3 1279 1280 866 1281 22 41 520 3 702 645 1282 731 3 3 1283 45 1284
 2419 1 2420 3 1421 193 3 702 1049 30 2421 2422 21 13 1392 2423 2424 2425 38 13 2426 3 2427 3 2428
 2429 1 1206 3 22 1207 108 212 1208 22 1207 38 13 1209 1044 1210 1211 3 195 795 105 41 1208 195 795 38 1212
 1626 1 2 3 4 5 6 7 8 3 9 10 3 11 12 3 7 13 14 15 16 17 18 3 3 3 19 20 21 22 23
 2324 41 2325 44 45 2326
 1766 1 674 3 675 676 11 38 118 16 118 677 38 678 679 13 680 681 682 233 241 683 37 105 684 9 685
 2430 1 1743 3 1744 105 1745 495 37 22 1746 1747 1748 16 1749 3 1750 41 44 45 1751
 2431 1 1462 3 105 1463 16 1464 3 105 549 1312 168 1465 3 3 348 1466 7 1467 110 1468 846 1469 1470 1471
 2432 1 2433 3 2434 3 2435 60 525 235 22 41 120 2436 38 743 2437 1003 7 2438 3 494 241 1891
 2373 2374 2375 116 1365 16 102 7 2376 32 2377 30 339 38 118 284 38 239 702 35 1543 2378 32 2379 2380 7 645 2439 32 180 710 791 2440 11 2441 256 1286 258 2442 339 439 496 2187 439 496 41 2443 2444 32
 2445 1 1886 3 194 1887 3 863 110 1282 38 1888 1889 38 303 743 1890 38 1646 1647 3 116 1262 241 1891
 2446 1 1318 3 13 153 2447 241 35 30 2448 38 13 2449 415 3 180 1194 1419 2450 195 2451 933 41 3 37 760
 2452 1 1563 3 2453 41 506 3 3 30 644 2454 2455 37 22 2456 3 175 2457 241 2458 29 743 2459 22 2460
 2461 1 2462 3 41 2463 131 2463 16 2325 3 13 224 108 445 38 1917 241 1988 6 7 1157 2464
 2465 1 1358 3 37 1902 3 1903 1904 38 776 1905 3 1906 22 1907 1908 195 1909 38 1164 1910 1911 1912 1913
 2466 1 1328 3 207 224 1329 38 494 3 1330 38 13 807 1331 3 9 1332 193 38 1333 266 1334
 2383 1 100 3 50 299 300 301 302 38 303 304 16 305 7 306 307 197 3 308 105 309 3 223 7 175 310
 2467 1 2468 3 738 195 2469 2470 2471 37 2472 2473 60 22 41 1465 2474 2475 2476 650 2477
 2478 1 100 3 50 22 101 9 102 103 104 105 106 29 13 107 108 109 110 111 112 3 27 113 110 114
 2479 1 100 3 50 22 101 9 102 103 104 105 106 29 13 107 108 109 110 111 112 3 27 113 110 114
 2480 1 100 3 50 22 101 9 102 103 104 105 106 29 13 107 108 109 110 111 112 3 27 113 110 114
 2481 1 740 3 741 3 193 742 7 743 645 744 745 29 645 746 747 237 30 610 748 60 318 175 749 750
 2482 1 2483 3 2484 2485 2486 2487 603 38 2367 2488 29 2489 13 876 105 41 3 2490 3 2491 2492
 2493 1 178 3 179 180 181 182 183 71 184 75 185 186 187 188 189 190 191 70 41 77 63
 2494 1 1549 3 2495 566 118 38 1099 1100 194 195 2496 38 13 2059 105 41 3 22 276 105 1553 3 2497 9 279 2498
 367 1 366 3 367 368 369 370 371 372 373 374 22 375 105 229
 2499 2500 1114 29 529 9 2501 2502 702 2503 3 3 2504 172 41 2505 13 2506 105 2507 60 26 22 2508 35 50 195 2509 1797 981 44 45 2510
 2511 1 178 3 179 180 181 182 183 71 184 75 185 186 187 188 189 190 191 70 41 77 63
 2512 1 728 3 729 730 731 732 241 733 536 71 9 734 22 735 3 3 3 736 737 738 81
 2513 1 764 3 765 279 766 400 70 41 767 414 402 768 769 187 153 3 770 144 146 143 771 353
 2514 1 222 3 3 19 1002 13 217 50 22 361 38 1003 102 1004 3 194 21 197 1005 726 1006 38 287 272 1007 1008
 1732 1 222 3 223 7 13 224 38 124 3 193 279 280 281 3 3 62 117 118 282 32 233 117 118 237 175 283 284 285
 2432 1 1278 3 1279 1280 866 1281 22 41 520 3 702 645 1282 731 3 3 1283 45 1284
 2515 1 222 3 223 7 13 224 38 124 3 193 60 22 225 38 13 226 227 228 207 206 229
 1487 1 232 3 3 233 117 35 234 235 30 236 16 149 237 13 238 3 120 233 117 35 105 239 21 240 3 233 241 105 242 3 105 243
 2516 1 222 3 3 124 753 7 193 754 60 755 16 452 468 756 3 3 3 116 117 35 757 758 287 21 38 759 3 760
 2224 1 100 3 50 22 101 9 102 103 104 105 106 29 13 107 108 109 110 111 112 3 27 113 110 114
 2517 1 2057 3 725 3 175 436 1711 37 175 1085 38 1066 7 13 461 3 3 21 2359 903 1298 137 41 1059 2360
 2452 1 1563 3 2518 41 506 3 3 175 2457 279 2519 175 2520 337 2521 3 175 2522 38 2523 1162 2524 1565 248 195 2525
 2526 1 48 3 49 50 51 52 53 54 21 22 55 38 13 56 27 57 37 22 58 59 60 21 51 61 62 3 63
 1652 1 100 3 50 299 300 301 302 38 303 304 16 305 7 306 307 197 3 308 105 309 3 223 7 175 310
 2527 1 2197 3 2198 2199 2200 16 452 235 468 2201 29 22 261 105 2202 41 3 3 1025 2203
 2528 1 2529 3 307 33 257 2530 175 1044 1583 1044 1584 131 175 2531 7 13 2532 3 33 2405 3 3 202 175 2533 105 41 3 3 202 175 2534
 2535 1 2536 3 175 2537 2538 2539 2100 2540 2541 2102 2542 2543 2544 2545 2546 195 2547 2548 337 2113 13 2549
 2550 1 222 3 3 124 753 7 193 754 60 755 16 452 468 756 3 3 3 116 117 35 757 758 287 21 38 759 3 760
 2551 1 222 3 223 7 13 224 38 124 3 193 279 280 281 3 3 62 117 118 282 32 233 117 118 237 175 283 284 285
