3 (782)
4 (6121)
7 (4858)
9 (2188)
10 (903)
14 (1242)
17 (13510)
18 (2809)
21 (2966)
28 (925)
36 (3804)
48 (795)
58 (2338)
63 (3323)
66 (1311)
72 (1922)
73 (1543)
74 (1062)
87 (3199)
97 (1746)
101 (855)
102 (2905)
138 (1219)
153 (1654)
161 (715)
165 (1265)
169 (824)
214 (898)
225 (1482)
239 (1733)
246 (934)
254 (726)
279 (714)
288 (732)
301 (1108)
338 (1003)
546 (860)
4 3 (475)
3 7 (277)
14 3 (212)
17 3 (726)
21 3 (326)
36 3 (278)
3 87 (274)
102 3 (287)
4 7 (2763)
4 9 (1258)
4 10 (443)
4 14 (692)
4 17 (5546)
4 18 (1246)
4 21 (1501)
4 28 (550)
4 36 (2134)
4 48 (360)
4 58 (1416)
4 63 (1690)
4 66 (578)
4 72 (710)
4 73 (656)
4 74 (589)
4 87 (1928)
4 97 (1048)
4 101 (465)
4 102 (1402)
4 138 (520)
4 153 (748)
4 161 (365)
4 165 (740)
4 169 (507)
4 214 (379)
4 225 (746)
4 239 (994)
4 246 (535)
4 254 (446)
4 279 (382)
4 288 (466)
4 301 (609)
4 338 (532)
4 546 (489)
9 7 (804)
10 7 (286)
14 7 (417)
17 7 (4366)
18 7 (1060)
21 7 (1017)
28 7 (366)
36 7 (1446)
48 7 (527)
58 7 (1014)
7 63 (1130)
66 7 (488)
72 7 (1870)
73 7 (1517)
74 7 (389)
7 87 (1356)
97 7 (638)
101 7 (348)
102 7 (1222)
138 7 (607)
153 7 (521)
161 7 (232)
165 7 (500)
169 7 (327)
214 7 (244)
225 7 (549)
7 239 (991)
246 7 (410)
254 7 (318)
7 279 (233)
288 7 (291)
301 7 (460)
338 7 (340)
546 7 (327)
9 14 (303)
9 17 (1990)
9 18 (452)
9 21 (585)
36 9 (831)
9 58 (439)
9 63 (521)
9 66 (284)
72 9 (274)
9 73 (240)
9 74 (208)
9 87 (678)
9 97 (300)
9 102 (599)
9 153 (347)
9 165 (248)
9 225 (347)
9 239 (464)
9 246 (230)
9 301 (236)
9 338 (231)
17 10 (838)
21 10 (329)
36 10 (333)
10 63 (228)
10 87 (293)
10 102 (265)
17 14 (1140)
14 18 (207)
21 14 (477)
36 14 (571)
14 58 (289)
14 63 (399)
14 87 (482)
97 14 (211)
14 102 (383)
165 14 (217)
225 14 (227)
301 14 (208)
17 18 (2544)
17 21 (2753)
28 17 (831)
36 17 (3459)
48 17 (753)
17 58 (2106)
17 63 (2999)
17 66 (1201)
72 17 (1740)
17 73 (1372)
17 74 (968)
17 87 (2909)
17 97 (1601)
17 101 (780)
17 102 (2648)
17 138 (1145)
17 153 (1515)
17 161 (664)
17 165 (1159)
17 169 (760)
17 214 (859)
17 225 (1315)
17 239 (1596)
17 246 (860)
17 254 (653)
17 279 (651)
288 17 (656)
17 301 (1006)
17 338 (919)
17 546 (769)
21 18 (430)
28 18 (276)
36 18 (703)
18 58 (470)
18 63 (598)
18 66 (211)
72 18 (493)
73 18 (469)
18 74 (220)
18 87 (587)
97 18 (420)
18 102 (532)
153 18 (328)
18 214 (510)
225 18 (301)
18 239 (406)
28 21 (230)
36 21 (1140)
21 58 (605)
21 63 (669)
21 66 (537)
72 21 (210)
21 74 (290)
21 87 (989)
21 97 (438)
21 101 (378)
21 102 (839)
21 138 (399)
21 153 (525)
21 161 (237)
21 165 (465)
21 169 (394)
21 225 (318)
21 239 (462)
21 246 (306)
21 279 (269)
288 21 (244)
21 301 (342)
21 338 (383)
28 36 (310)
28 58 (213)
28 87 (294)
28 97 (229)
28 102 (226)
36 48 (202)
36 58 (827)
36 63 (1026)
36 66 (479)
36 72 (395)
36 73 (357)
36 74 (404)
36 87 (1256)
36 97 (644)
36 101 (457)
36 102 (1092)
36 138 (340)
36 153 (568)
36 161 (290)
36 165 (516)
36 169 (378)
36 214 (225)
36 225 (586)
36 239 (681)
36 246 (388)
36 254 (283)
36 279 (257)
36 288 (269)
36 301 (595)
36 338 (394)
36 546 (321)
48 72 (289)
48 138 (298)
58 63 (673)
58 66 (277)
72 58 (288)
73 58 (267)
58 74 (259)
58 87 (731)
97 58 (320)
58 102 (705)
58 138 (237)
153 58 (374)
165 58 (343)
169 58 (213)
225 58 (349)
58 239 (406)
58 246 (246)
301 58 (302)
58 338 (249)
66 63 (366)
72 63 (310)
73 63 (282)
74 63 (292)
63 87 (919)
97 63 (438)
102 63 (899)
138 63 (252)
153 63 (652)
161 63 (204)
165 63 (436)
169 63 (294)
225 63 (372)
63 239 (430)
246 63 (262)
301 63 (317)
338 63 (300)
546 63 (200)
66 87 (451)
97 66 (250)
66 102 (348)
72 73 (1459)
72 87 (352)
72 102 (298)
72 138 (366)
72 239 (349)
73 87 (317)
73 102 (280)
73 239 (331)
74 87 (416)
74 102 (384)
97 87 (555)
101 87 (316)
102 87 (969)
138 87 (341)
153 87 (482)
161 87 (233)
165 87 (445)
169 87 (286)
225 87 (431)
87 239 (500)
246 87 (351)
254 87 (231)
87 279 (222)
288 87 (247)
301 87 (374)
338 87 (338)
546 87 (326)
97 102 (486)
97 153 (237)
97 225 (234)
97 239 (297)
101 102 (321)
102 138 (302)
153 102 (435)
161 102 (230)
165 102 (396)
169 102 (314)
225 102 (429)
102 239 (401)
102 246 (250)
102 254 (224)
102 279 (259)
288 102 (206)
301 102 (412)
102 338 (281)
102 546 (214)
153 225 (223)
153 239 (250)
153 338 (203)
165 225 (206)
225 546 (237)
288 301 (255)
4 3 7 (209)
4 17 3 (440)
4 21 3 (210)
4 36 3 (202)
4 3 87 (200)
17 3 7 (260)
17 14 3 (200)
17 21 3 (300)
36 17 3 (256)
17 3 87 (257)
17 102 3 (272)
4 9 7 (582)
4 14 7 (299)
4 17 7 (2468)
4 18 7 (627)
4 21 7 (678)
4 28 7 (294)
4 36 7 (1039)
4 48 7 (219)
4 58 7 (728)
4 7 63 (813)
4 66 7 (296)
4 72 7 (693)
4 73 7 (640)
4 74 7 (283)
4 7 87 (986)
4 97 7 (468)
4 101 7 (235)
4 102 7 (786)
4 138 7 (232)
4 153 7 (343)
4 165 7 (366)
4 169 7 (251)
4 225 7 (355)
4 7 239 (682)
4 246 7 (278)
4 254 7 (239)
4 288 7 (221)
4 301 7 (323)
4 338 7 (241)
4 546 7 (235)
4 9 17 (1138)
4 9 18 (273)
4 9 21 (342)
4 36 9 (528)
4 9 58 (304)
4 9 63 (340)
4 9 87 (467)
4 9 97 (212)
4 9 102 (347)
4 9 225 (206)
4 9 239 (333)
4 17 10 (412)
4 17 14 (630)
4 21 14 (273)
4 36 14 (363)
4 14 63 (253)
4 14 87 (316)
4 14 102 (236)
4 17 18 (1139)
4 17 21 (1385)
4 28 17 (487)
4 36 17 (1943)
4 48 17 (334)
4 17 58 (1273)
4 17 63 (1528)
4 17 66 (540)
4 72 17 (633)
4 17 73 (584)
4 17 74 (538)
4 17 87 (1748)
4 17 97 (946)
4 17 101 (421)
4 17 102 (1266)
4 17 138 (483)
4 17 153 (686)
4 17 161 (338)
4 17 165 (678)
4 17 169 (465)
4 17 214 (366)
4 17 225 (659)
4 17 239 (910)
4 17 246 (488)
4 17 254 (404)
4 17 279 (344)
4 288 17 (419)
4 17 301 (549)
4 17 338 (483)
4 17 546 (435)
4 21 18 (223)
4 36 18 (415)
4 18 58 (271)
4 18 63 (317)
4 72 18 (206)
4 18 87 (385)
4 97 18 (227)
4 18 102 (284)
4 18 214 (211)
4 18 239 (247)
4 36 21 (641)
4 21 58 (386)
4 21 63 (421)
4 21 66 (284)
4 21 87 (608)
4 21 97 (287)
4 21 101 (210)
4 21 102 (436)
4 21 138 (219)
4 21 153 (275)
4 21 165 (284)
4 21 169 (262)
4 21 239 (299)
4 21 301 (201)
4 21 338 (239)
4 28 36 (232)
4 28 87 (216)
4 36 58 (572)
4 36 63 (662)
4 36 66 (269)
4 36 72 (243)
4 36 73 (222)
4 36 74 (260)
4 36 87 (837)
4 36 97 (447)
4 36 101 (271)
4 36 102 (642)
4 36 138 (203)
4 36 153 (307)
4 36 165 (345)
4 36 169 (261)
4 36 225 (342)
4 36 239 (447)
4 36 246 (245)
4 36 301 (351)
4 36 338 (231)
4 36 546 (210)
4 58 63 (471)
4 58 87 (520)
4 97 58 (244)
4 58 102 (433)
4 153 58 (239)
4 165 58 (248)
4 225 58 (223)
4 58 239 (280)
4 301 58 (208)
4 66 63 (201)
4 63 87 (620)
4 97 63 (306)
4 102 63 (507)
4 153 63 (349)
4 165 63 (285)
4 169 63 (200)
4 225 63 (223)
4 63 239 (288)
4 301 63 (201)
4 66 87 (252)
4 72 73 (612)
4 72 87 (203)
4 72 239 (202)
4 74 87 (265)
4 74 102 (214)
4 97 87 (390)
4 102 87 (611)
4 138 87 (200)
4 153 87 (303)
4 165 87 (303)
4 169 87 (205)
4 225 87 (270)
4 87 239 (361)
4 246 87 (239)
4 301 87 (246)
4 338 87 (221)
4 546 87 (218)
4 97 102 (297)
4 97 239 (204)
4 153 102 (225)
4 165 102 (240)
4 225 102 (215)
4 102 239 (265)
4 301 102 (231)
9 17 7 (735)
9 21 7 (203)
36 9 7 (338)
9 58 7 (209)
9 7 63 (214)
72 9 7 (263)
9 73 7 (232)
9 7 87 (327)
9 102 7 (279)
9 7 239 (280)
17 10 7 (265)
17 14 7 (386)
36 14 7 (215)
17 18 7 (943)
17 21 7 (939)
28 17 7 (310)
36 17 7 (1304)
48 17 7 (504)
17 58 7 (900)
17 7 63 (1005)
17 66 7 (435)
72 17 7 (1692)
17 73 7 (1348)
17 74 7 (351)
17 7 87 (1212)
17 97 7 (568)
17 101 7 (314)
17 102 7 (1085)
17 138 7 (578)
17 153 7 (480)
17 161 7 (215)
17 165 7 (456)
17 169 7 (303)
17 214 7 (234)
17 225 7 (475)
17 7 239 (898)
17 246 7 (373)
17 254 7 (288)
17 7 279 (202)
288 17 7 (255)
17 301 7 (399)
17 338 7 (317)
17 546 7 (278)
36 18 7 (315)
18 58 7 (213)
18 7 63 (236)
72 18 7 (487)
73 18 7 (464)
18 7 87 (288)
18 102 7 (264)
18 7 239 (264)
36 21 7 (418)
21 58 7 (266)
21 7 63 (278)
21 66 7 (216)
72 21 7 (204)
21 7 87 (404)
21 102 7 (359)
21 7 239 (267)
36 58 7 (403)
36 7 63 (425)
36 72 7 (381)
36 73 7 (350)
36 7 87 (563)
36 97 7 (276)
36 101 7 (206)
36 102 7 (505)
36 153 7 (201)
36 165 7 (226)
36 225 7 (248)
36 7 239 (404)
36 301 7 (260)
48 72 7 (289)
48 138 7 (268)
58 7 63 (296)
72 58 7 (279)
73 58 7 (264)
58 7 87 (356)
58 102 7 (366)
58 7 239 (259)
72 7 63 (297)
73 7 63 (272)
7 63 87 (434)
102 7 63 (414)
153 7 63 (220)
7 63 239 (246)
72 73 7 (1457)
72 7 87 (338)
72 102 7 (288)
72 138 7 (360)
72 7 239 (347)
73 7 87 (308)
73 102 7 (272)
73 7 239 (329)
97 7 87 (255)
102 7 87 (501)
153 7 87 (207)
165 7 87 (203)
7 87 239 (307)
97 102 7 (224)
102 7 239 (254)
301 102 7 (207)
9 17 14 (284)
9 17 18 (399)
9 17 21 (546)
36 9 17 (763)
9 17 58 (394)
9 17 63 (483)
9 17 66 (259)
72 9 17 (249)
9 17 73 (221)
9 17 87 (619)
9 17 97 (272)
9 17 102 (551)
9 17 153 (317)
9 17 165 (230)
9 17 225 (311)
9 17 239 (422)
9 17 246 (207)
9 17 301 (219)
9 17 338 (210)
36 9 21 (273)
9 21 87 (234)
9 21 102 (218)
36 9 58 (218)
36 9 63 (230)
36 9 87 (322)
36 9 102 (279)
36 9 239 (202)
9 63 87 (202)
72 9 73 (230)
9 102 87 (253)
17 21 10 (304)
36 17 10 (302)
17 10 63 (208)
17 10 87 (272)
17 10 102 (244)
17 21 14 (446)
36 17 14 (524)
17 14 58 (265)
17 14 63 (367)
17 14 87 (445)
17 14 102 (349)
17 225 14 (204)
36 21 14 (256)
21 14 87 (219)
36 14 63 (209)
36 14 87 (238)
36 14 102 (204)
17 21 18 (394)
28 17 18 (264)
36 17 18 (646)
17 18 58 (424)
17 18 63 (551)
72 17 18 (436)
17 73 18 (410)
17 18 87 (524)
17 97 18 (391)
17 18 102 (490)
17 153 18 (306)
17 18 214 (491)
17 225 18 (266)
17 18 239 (376)
28 17 21 (208)
36 17 21 (1052)
17 21 58 (555)
17 21 63 (623)
17 21 66 (497)
17 21 74 (267)
17 21 87 (918)
17 21 97 (406)
17 21 101 (347)
17 21 102 (772)
17 21 138 (375)
17 21 153 (480)
17 21 161 (224)
17 21 165 (430)
17 21 169 (372)
17 21 225 (290)
17 21 239 (431)
17 21 246 (280)
17 21 279 (243)
288 17 21 (231)
17 21 301 (317)
17 21 338 (350)
28 36 17 (265)
28 17 87 (260)
28 17 97 (212)
36 17 58 (748)
36 17 63 (932)
36 17 66 (442)
36 72 17 (349)
36 17 73 (316)
36 17 74 (376)
36 17 87 (1132)
36 17 97 (594)
36 17 101 (412)
36 17 102 (985)
36 17 138 (311)
36 17 153 (519)
36 17 161 (265)
36 17 165 (466)
36 17 169 (345)
36 17 214 (214)
36 17 225 (527)
36 17 239 (637)
36 17 246 (356)
36 17 254 (259)
36 17 279 (232)
36 288 17 (249)
36 17 301 (545)
36 17 338 (349)
36 17 546 (289)
48 72 17 (285)
48 17 138 (294)
17 58 63 (606)
17 58 66 (253)
72 17 58 (250)
17 73 58 (232)
17 58 74 (234)
17 58 87 (657)
17 97 58 (299)
17 58 102 (636)
17 58 138 (214)
17 153 58 (344)
17 165 58 (312)
17 225 58 (300)
17 58 239 (369)
17 58 246 (227)
17 301 58 (274)
17 58 338 (220)
17 66 63 (336)
72 17 63 (267)
17 73 63 (242)
17 74 63 (267)
17 63 87 (833)
17 97 63 (395)
17 102 63 (821)
17 138 63 (233)
17 153 63 (590)
17 165 63 (398)
17 169 63 (263)
17 225 63 (325)
17 63 239 (403)
17 246 63 (241)
17 301 63 (287)
17 338 63 (276)
17 66 87 (416)
17 97 66 (235)
17 66 102 (314)
72 17 73 (1303)
72 17 87 (314)
72 17 102 (265)
72 17 138 (356)
72 17 239 (307)
17 73 87 (281)
17 73 102 (250)
17 73 239 (292)
17 74 87 (378)
17 74 102 (355)
17 97 87 (510)
17 101 87 (287)
17 102 87 (881)
17 138 87 (323)
17 153 87 (448)
17 161 87 (217)
17 165 87 (408)
17 169 87 (264)
17 225 87 (386)
17 87 239 (457)
17 246 87 (323)
17 254 87 (211)
17 87 279 (204)
288 17 87 (234)
17 301 87 (332)
17 338 87 (309)
17 546 87 (294)
17 97 102 (449)
17 97 153 (215)
17 97 225 (217)
17 97 239 (271)
17 101 102 (296)
17 102 138 (276)
17 153 102 (401)
17 161 102 (213)
17 165 102 (369)
17 169 102 (297)
17 225 102 (381)
17 102 239 (379)
17 102 246 (228)
17 102 254 (210)
17 102 279 (236)
17 301 102 (375)
17 102 338 (260)
17 153 225 (206)
17 153 239 (230)
17 225 546 (210)
288 17 301 (232)
36 18 63 (209)
36 18 87 (218)
36 18 102 (215)
72 73 18 (445)
36 21 58 (254)
36 21 63 (274)
36 21 66 (254)
36 21 87 (435)
36 21 101 (214)
36 21 102 (361)
36 21 153 (226)
36 21 165 (218)
36 21 169 (206)
36 21 239 (232)
36 21 301 (206)
21 58 87 (243)
21 58 102 (209)
21 63 87 (245)
21 102 63 (232)
21 66 87 (248)
21 102 87 (332)
21 165 87 (205)
36 58 63 (263)
36 58 87 (314)
36 58 102 (292)
36 63 87 (393)
36 97 63 (203)
36 102 63 (378)
36 153 63 (234)
36 301 63 (203)
36 66 87 (200)
36 72 73 (334)
36 97 87 (260)
36 102 87 (451)
36 153 87 (209)
36 165 87 (217)
36 225 87 (213)
36 87 239 (260)
36 301 87 (236)
36 97 102 (207)
36 225 102 (207)
36 301 102 (243)
48 72 138 (237)
58 63 87 (240)
58 102 63 (251)
72 73 58 (251)
58 102 87 (258)
72 73 63 (263)
102 63 87 (349)
153 63 87 (202)
72 73 87 (298)
72 73 102 (256)
72 73 239 (321)
9 17 4 7 (527)
9 4 36 7 (255)
9 4 7 87 (254)
9 4 7 239 (222)
17 4 14 7 (275)
17 18 4 7 (565)
17 4 21 7 (620)
17 4 28 7 (249)
17 4 36 7 (936)
48 17 4 7 (206)
17 58 4 7 (648)
17 4 7 63 (730)
17 66 4 7 (269)
72 17 4 7 (618)
17 73 4 7 (569)
17 74 4 7 (255)
17 4 7 87 (882)
17 97 4 7 (411)
17 4 101 7 (213)
17 4 102 7 (699)
17 138 4 7 (213)
17 153 4 7 (315)
17 4 165 7 (334)
17 169 4 7 (231)
17 225 4 7 (310)
17 4 7 239 (620)
17 4 246 7 (253)
17 4 254 7 (216)
17 4 301 7 (282)
17 338 4 7 (224)
18 4 36 7 (228)
72 18 4 7 (202)
18 4 7 87 (216)
4 36 21 7 (294)
58 4 21 7 (200)
4 21 7 63 (218)
4 21 7 87 (304)
4 21 102 7 (237)
4 21 7 239 (202)
58 4 36 7 (317)
4 36 7 63 (342)
72 4 36 7 (236)
73 4 36 7 (218)
4 36 7 87 (442)
97 4 36 7 (217)
4 36 102 7 (364)
4 36 7 239 (309)
58 4 7 63 (234)
58 4 7 87 (282)
58 4 102 7 (257)
58 4 7 239 (205)
4 7 63 87 (341)
4 102 7 63 (297)
72 73 4 7 (612)
72 4 7 239 (200)
4 102 7 87 (373)
4 7 87 239 (244)
9 17 18 4 (241)
9 17 4 21 (316)
9 17 4 36 (484)
9 17 58 4 (270)
9 17 4 63 (316)
9 17 4 87 (426)
9 17 4 102 (316)
9 17 4 239 (302)
9 4 36 87 (232)
17 4 21 14 (252)
17 4 36 14 (332)
17 4 14 63 (231)
17 4 14 87 (286)
17 4 14 102 (211)
17 18 4 21 (202)
17 18 4 36 (386)
17 18 58 4 (246)
17 18 4 63 (294)
17 18 4 87 (350)
17 97 18 4 (208)
17 18 4 102 (260)
17 18 4 214 (204)
17 18 4 239 (231)
17 4 36 21 (591)
17 58 4 21 (352)
17 4 21 63 (392)
17 66 4 21 (264)
17 4 21 87 (558)
17 97 4 21 (263)
17 4 21 102 (397)
17 138 4 21 (207)
17 153 4 21 (248)
17 4 21 165 (261)
17 169 4 21 (248)
17 4 21 239 (278)
17 338 4 21 (214)
17 4 28 36 (202)
17 58 4 36 (507)
17 4 36 63 (597)
17 66 4 36 (251)
72 17 4 36 (218)
17 74 4 36 (242)
17 4 36 87 (756)
17 97 4 36 (409)
17 4 36 101 (245)
17 4 36 102 (576)
17 153 4 36 (281)
17 4 36 165 (315)
17 169 4 36 (243)
17 225 4 36 (301)
17 4 36 239 (412)
17 4 36 246 (227)
17 4 36 301 (322)
17 338 4 36 (204)
17 58 4 63 (425)
17 58 4 87 (468)
17 97 58 4 (228)
17 58 4 102 (388)
17 153 58 4 (219)
17 58 4 165 (223)
17 58 4 239 (253)
17 4 63 87 (566)
17 97 4 63 (274)
17 4 102 63 (459)
17 153 4 63 (320)
17 4 165 63 (261)
17 4 63 239 (272)
17 66 4 87 (235)
72 17 73 4 (551)
17 74 4 87 (241)
17 97 4 87 (357)
17 4 102 87 (548)
17 153 4 87 (284)
17 4 165 87 (279)
17 225 4 87 (243)
17 4 87 239 (328)
17 4 246 87 (220)
17 4 301 87 (219)
17 338 4 87 (202)
17 546 4 87 (200)
17 97 4 102 (271)
17 153 4 102 (203)
17 4 165 102 (224)
17 4 102 239 (248)
17 4 301 102 (208)
4 36 21 87 (279)
4 36 21 102 (202)
4 21 102 87 (217)
58 4 36 87 (239)
4 36 63 87 (296)
4 36 102 63 (246)
72 73 4 36 (208)
4 36 102 87 (306)
4 102 63 87 (243)
9 17 36 7 (311)
9 17 7 63 (204)
72 9 17 7 (239)
9 17 73 7 (214)
9 17 7 87 (295)
9 17 102 7 (251)
9 17 7 239 (257)
72 9 73 7 (228)
17 36 14 7 (200)
17 18 36 7 (291)
17 18 7 63 (216)
72 17 18 7 (430)
17 73 18 7 (405)
17 18 7 87 (252)
17 18 102 7 (238)
17 18 7 239 (242)
17 36 21 7 (378)
17 58 21 7 (243)
17 21 7 63 (255)
17 21 7 87 (370)
17 21 102 7 (320)
17 21 7 239 (246)
17 58 36 7 (358)
17 36 7 63 (382)
72 17 36 7 (337)
17 73 36 7 (310)
17 36 7 87 (502)
17 97 36 7 (249)
17 36 102 7 (449)
17 36 165 7 (208)
17 225 36 7 (221)
17 36 7 239 (370)
17 36 301 7 (232)
48 72 17 7 (285)
48 17 138 7 (265)
17 58 7 63 (266)
72 17 58 7 (241)
17 73 58 7 (230)
17 58 7 87 (316)
17 58 102 7 (320)
17 58 7 239 (231)
72 17 7 63 (257)
17 73 7 63 (234)
17 7 63 87 (396)
17 102 7 63 (369)
17 153 7 63 (202)
17 7 63 239 (231)
72 17 73 7 (1302)
72 17 7 87 (301)
72 17 102 7 (255)
72 17 138 7 (350)
72 17 7 239 (305)
17 73 7 87 (273)
17 73 102 7 (242)
17 73 7 239 (291)
17 97 7 87 (234)
17 102 7 87 (444)
17 7 87 239 (274)
17 97 102 7 (201)
17 102 7 239 (234)
72 73 18 7 (445)
72 73 36 7 (333)
36 102 7 87 (238)
48 72 138 7 (237)
72 73 58 7 (251)
72 73 7 63 (261)
72 73 7 87 (297)
72 73 102 7 (255)
72 73 7 239 (321)
9 17 36 21 (254)
9 17 21 87 (216)
9 17 21 102 (203)
9 17 36 63 (222)
9 17 36 87 (298)
9 17 36 102 (259)
72 9 17 73 (211)
9 17 102 87 (232)
17 36 21 14 (236)
17 21 14 87 (204)
17 36 14 87 (219)
17 18 36 63 (201)
72 17 73 18 (393)
17 58 36 21 (233)
17 36 21 63 (253)
17 66 36 21 (233)
17 36 21 87 (393)
17 36 21 102 (332)
17 153 36 21 (208)
17 36 21 239 (215)
17 58 21 87 (217)
17 21 63 87 (230)
17 21 102 63 (213)
17 66 21 87 (228)
17 21 102 87 (305)
17 58 36 63 (243)
17 58 36 87 (280)
17 58 36 102 (264)
17 36 63 87 (351)
17 36 102 63 (344)
17 153 36 63 (211)
72 17 73 36 (297)
17 97 36 87 (238)
17 36 102 87 (405)
17 36 87 239 (234)
17 36 301 87 (212)
17 36 301 102 (222)
48 72 17 138 (236)
17 58 63 87 (221)
17 58 102 63 (225)
72 17 73 58 (218)
17 58 102 87 (234)
72 17 73 63 (226)
17 102 63 87 (316)
72 17 73 87 (266)
72 17 73 102 (228)
72 17 73 239 (284)
9 17 4 36 7 (235)
9 17 4 7 87 (229)
9 17 4 7 239 (202)
17 18 4 36 7 (214)
17 4 36 21 7 (264)
17 4 21 7 87 (275)
17 4 21 102 7 (210)
17 58 4 36 7 (276)
17 4 36 7 63 (307)
72 17 4 36 7 (212)
17 4 36 7 87 (395)
17 4 36 102 7 (325)
17 4 36 7 239 (280)
17 58 4 7 63 (214)
17 58 4 7 87 (250)
17 58 4 102 7 (226)
17 4 7 63 87 (313)
17 4 102 7 63 (267)
72 17 73 4 7 (551)
17 4 102 7 87 (330)
17 4 7 87 239 (217)
72 73 4 36 7 (208)
9 17 4 36 87 (215)
17 4 36 21 87 (251)
17 58 4 36 87 (209)
17 4 36 63 87 (267)
17 4 36 102 63 (221)
17 4 36 102 87 (274)
17 4 102 63 87 (217)
72 9 17 73 7 (210)
72 17 73 18 7 (393)
72 17 73 36 7 (296)
17 36 102 7 87 (207)
48 72 17 138 7 (236)
72 17 73 58 7 (218)
72 17 73 7 63 (225)
72 17 73 7 87 (265)
72 17 73 102 7 (227)
72 17 73 7 239 (284)
