0 (15000)
1 (6707)
3 (10661)
8 (2793)
9 (5256)
14 (9574)
16 (6513)
17 (6794)
62 (6137)
79 (2928)
82 (3025)
92 (2882)
131 (3175)
0 1 (6707)
0 3 (10661)
0 8 (2793)
0 9 (5256)
0 14 (9574)
0 16 (6513)
0 17 (6794)
0 62 (6137)
0 79 (2928)
0 82 (3025)
0 92 (2882)
0 131 (3175)
1 3 (6702)
8 1 (2110)
1 9 (3867)
1 14 (2254)
16 1 (1834)
1 17 (1857)
1 62 (4280)
1 79 (2092)
1 82 (3007)
92 1 (1824)
1 131 (1969)
8 3 (2512)
9 3 (4728)
14 3 (5807)
16 3 (4014)
17 3 (4140)
62 3 (5486)
3 79 (2569)
82 3 (3020)
92 3 (2544)
3 131 (2654)
8 9 (2764)
8 62 (1995)
8 79 (2035)
8 82 (1674)
9 14 (1688)
16 9 (1277)
9 17 (1373)
9 62 (4104)
9 79 (2403)
9 82 (3009)
92 9 (1654)
9 131 (1913)
16 14 (5437)
17 14 (5558)
14 62 (2540)
92 14 (1343)
14 131 (1379)
16 17 (6455)
16 62 (1385)
16 131 (1082)
17 62 (1478)
17 131 (1133)
62 79 (2425)
62 82 (3018)
92 62 (2301)
62 131 (2284)
82 79 (1684)
92 82 (1343)
82 131 (1330)
92 131 (1644)
0 1 3 (6702)
0 8 1 (2110)
0 1 9 (3867)
0 1 14 (2254)
0 16 1 (1834)
0 1 17 (1857)
0 1 62 (4280)
0 1 79 (2092)
0 1 82 (3007)
0 92 1 (1824)
0 1 131 (1969)
0 8 3 (2512)
0 9 3 (4728)
0 14 3 (5807)
0 16 3 (4014)
0 17 3 (4140)
0 62 3 (5486)
0 3 79 (2569)
0 82 3 (3020)
0 92 3 (2544)
0 3 131 (2654)
0 8 9 (2764)
0 8 62 (1995)
0 8 79 (2035)
0 8 82 (1674)
0 9 14 (1688)
0 16 9 (1277)
0 9 17 (1373)
0 9 62 (4104)
0 9 79 (2403)
0 9 82 (3009)
0 92 9 (1654)
0 9 131 (1913)
0 16 14 (5437)
0 17 14 (5558)
0 14 62 (2540)
0 92 14 (1343)
0 14 131 (1379)
0 16 17 (6455)
0 16 62 (1385)
0 16 131 (1082)
0 17 62 (1478)
0 17 131 (1133)
0 62 79 (2425)
0 62 82 (3018)
0 92 62 (2301)
0 62 131 (2284)
0 82 79 (1684)
0 92 82 (1343)
0 82 131 (1330)
0 92 131 (1644)
8 1 3 (2110)
1 9 3 (3867)
1 14 3 (2251)
16 1 3 (1832)
1 17 3 (1855)
1 62 3 (4280)
1 3 79 (2091)
1 82 3 (3007)
92 1 3 (1823)
1 3 131 (1969)
8 1 9 (2102)
8 1 62 (1810)
8 1 79 (1782)
8 1 82 (1673)
1 9 62 (3450)
1 9 79 (1935)
1 9 82 (2999)
92 1 9 (1365)
1 9 131 (1588)
16 1 14 (1343)
1 17 14 (1342)
16 1 17 (1776)
1 62 79 (2025)
1 62 82 (3000)
92 1 62 (1724)
1 62 131 (1692)
1 82 79 (1680)
92 1 82 (1334)
1 82 131 (1325)
92 1 131 (1366)
8 9 3 (2491)
8 62 3 (1940)
8 3 79 (1919)
8 82 3 (1673)
9 14 3 (1250)
9 17 3 (1047)
9 62 3 (3912)
9 3 79 (2198)
9 82 3 (3006)
92 9 3 (1585)
9 3 131 (1811)
16 14 3 (3279)
17 14 3 (3329)
14 62 3 (1962)
92 14 3 (1032)
16 17 3 (3956)
16 62 3 (1079)
17 62 3 (1153)
62 3 79 (2303)
62 82 3 (3013)
92 62 3 (2151)
62 3 131 (2089)
82 3 79 (1683)
92 82 3 (1340)
82 3 131 (1330)
92 3 131 (1555)
8 9 62 (1986)
8 9 79 (2033)
8 9 82 (1674)
8 62 79 (1836)
8 62 82 (1674)
8 82 79 (1674)
9 17 14 (1026)
16 9 17 (1270)
9 62 79 (2122)
9 62 82 (3009)
92 9 62 (1564)
9 62 131 (1743)
9 82 79 (1677)
92 9 82 (1334)
9 82 131 (1327)
92 9 131 (1423)
16 17 14 (5382)
16 14 62 (1090)
17 14 62 (1156)
16 17 62 (1378)
16 17 131 (1082)
62 82 79 (1677)
92 62 82 (1336)
62 82 131 (1330)
92 62 131 (1522)
92 82 131 (1329)
0 8 1 3 (2110)
0 1 9 3 (3867)
0 1 3 14 (2251)
0 16 1 3 (1832)
0 1 17 3 (1855)
0 1 3 62 (4280)
0 1 3 79 (2091)
0 1 82 3 (3007)
0 1 3 92 (1823)
0 1 3 131 (1969)
0 8 1 9 (2102)
0 8 1 62 (1810)
0 8 1 79 (1782)
0 8 1 82 (1673)
0 1 9 62 (3450)
0 1 9 79 (1935)
0 1 9 82 (2999)
0 1 9 92 (1365)
0 1 9 131 (1588)
0 16 1 14 (1343)
0 1 17 14 (1342)
0 16 1 17 (1776)
0 1 62 79 (2025)
0 1 82 62 (3000)
0 1 92 62 (1724)
0 1 131 62 (1692)
0 1 82 79 (1680)
0 1 82 92 (1334)
0 1 82 131 (1325)
0 1 131 92 (1366)
0 8 9 3 (2491)
0 8 3 62 (1940)
0 8 3 79 (1919)
0 8 82 3 (1673)
0 9 3 14 (1250)
0 9 17 3 (1047)
0 9 3 62 (3912)
0 9 3 79 (2198)
0 9 82 3 (3006)
0 9 3 92 (1585)
0 9 3 131 (1811)
0 16 3 14 (3279)
0 17 3 14 (3329)
0 3 14 62 (1962)
0 3 92 14 (1032)
0 16 17 3 (3956)
0 16 3 62 (1079)
0 17 3 62 (1153)
0 3 62 79 (2303)
0 82 3 62 (3013)
0 3 92 62 (2151)
0 3 131 62 (2089)
0 82 3 79 (1683)
0 82 3 92 (1340)
0 82 3 131 (1330)
0 3 131 92 (1555)
0 8 9 62 (1986)
0 8 9 79 (2033)
0 8 9 82 (1674)
0 8 62 79 (1836)
0 8 82 62 (1674)
0 8 82 79 (1674)
0 9 17 14 (1026)
0 16 9 17 (1270)
0 9 62 79 (2122)
0 9 82 62 (3009)
0 9 92 62 (1564)
0 9 131 62 (1743)
0 9 82 79 (1677)
0 9 82 92 (1334)
0 9 82 131 (1327)
0 9 131 92 (1423)
0 16 17 14 (5382)
0 16 14 62 (1090)
0 17 14 62 (1156)
0 16 17 62 (1378)
0 16 17 131 (1082)
0 82 62 79 (1677)
0 82 92 62 (1336)
0 82 131 62 (1330)
0 131 92 62 (1522)
0 82 131 92 (1329)
8 1 9 3 (2102)
8 1 3 62 (1810)
8 1 3 79 (1782)
8 1 82 3 (1673)
1 9 3 62 (3450)
1 9 3 79 (1935)
1 9 82 3 (2999)
1 9 3 92 (1365)
1 9 3 131 (1588)
16 1 3 14 (1341)
1 17 3 14 (1340)
16 1 17 3 (1774)
1 3 62 79 (2025)
1 82 3 62 (3000)
1 3 92 62 (1724)
1 3 131 62 (1692)
1 82 3 79 (1680)
1 82 3 92 (1334)
1 82 3 131 (1325)
1 3 131 92 (1366)
8 1 9 62 (1809)
8 1 9 79 (1782)
8 1 9 82 (1673)
8 1 62 79 (1749)
8 1 82 62 (1673)
8 1 82 79 (1673)
1 9 62 79 (1896)
1 9 82 62 (2999)
1 9 92 62 (1358)
1 9 131 62 (1515)
1 9 82 79 (1673)
1 9 82 92 (1327)
1 9 82 131 (1325)
1 9 131 92 (1330)
16 1 17 14 (1288)
1 82 62 79 (1673)
1 82 92 62 (1327)
1 82 131 62 (1325)
1 131 92 62 (1348)
1 82 131 92 (1325)
8 9 3 62 (1931)
8 9 3 79 (1918)
8 9 82 3 (1673)
8 3 62 79 (1809)
8 82 3 62 (1673)
8 82 3 79 (1673)
9 3 62 79 (2051)
9 82 3 62 (3006)
9 3 92 62 (1520)
9 3 131 62 (1684)
9 82 3 79 (1676)
9 82 3 92 (1331)
9 82 3 131 (1327)
9 3 131 92 (1402)
16 17 3 14 (3224)
16 17 3 62 (1072)
82 3 62 79 (1676)
82 3 92 62 (1333)
82 3 131 62 (1330)
3 131 92 62 (1479)
82 3 131 92 (1329)
8 9 62 79 (1835)
8 9 82 62 (1674)
8 9 82 79 (1674)
8 82 62 79 (1674)
9 82 62 79 (1677)
9 82 92 62 (1334)
9 82 131 62 (1327)
9 131 92 62 (1401)
9 82 131 92 (1327)
16 17 14 62 (1085)
82 131 92 62 (1329)
0 8 1 9 3 (2102)
0 8 1 3 62 (1810)
0 8 1 3 79 (1782)
0 8 1 82 3 (1673)
0 1 9 3 62 (3450)
0 1 9 3 79 (1935)
0 1 9 82 3 (2999)
0 1 9 3 92 (1365)
0 1 9 3 131 (1588)
0 16 1 3 14 (1341)
0 1 17 3 14 (1340)
0 16 1 17 3 (1774)
0 1 3 62 79 (2025)
0 1 82 3 62 (3000)
0 1 3 92 62 (1724)
0 1 3 131 62 (1692)
0 1 82 3 79 (1680)
0 1 82 3 92 (1334)
0 1 82 3 131 (1325)
0 1 3 131 92 (1366)
0 8 1 9 62 (1809)
0 8 1 9 79 (1782)
0 8 1 9 82 (1673)
0 8 1 62 79 (1749)
0 8 1 82 62 (1673)
0 8 1 82 79 (1673)
0 1 9 62 79 (1896)
0 1 9 82 62 (2999)
0 1 9 92 62 (1358)
0 1 9 131 62 (1515)
0 1 9 82 79 (1673)
0 1 9 82 92 (1327)
0 1 9 82 131 (1325)
0 1 9 131 92 (1330)
0 16 1 17 14 (1288)
0 1 82 62 79 (1673)
0 1 82 92 62 (1327)
0 1 82 131 62 (1325)
0 1 131 92 62 (1348)
0 1 82 131 92 (1325)
0 8 9 3 62 (1931)
0 8 9 3 79 (1918)
0 8 9 82 3 (1673)
0 8 3 62 79 (1809)
0 8 82 3 62 (1673)
0 8 82 3 79 (1673)
0 9 3 62 79 (2051)
0 9 82 3 62 (3006)
0 9 3 92 62 (1520)
0 9 3 131 62 (1684)
0 9 82 3 79 (1676)
0 9 82 3 92 (1331)
0 9 82 3 131 (1327)
0 9 3 131 92 (1402)
0 16 17 3 14 (3224)
0 16 17 3 62 (1072)
0 82 3 62 79 (1676)
0 82 3 92 62 (1333)
0 82 3 131 62 (1330)
0 3 131 92 62 (1479)
0 82 3 131 92 (1329)
0 8 9 62 79 (1835)
0 8 9 82 62 (1674)
0 8 9 82 79 (1674)
0 8 82 62 79 (1674)
0 9 82 62 79 (1677)
0 9 82 92 62 (1334)
0 9 82 131 62 (1327)
0 9 131 92 62 (1401)
0 9 82 131 92 (1327)
0 16 17 14 62 (1085)
0 82 131 92 62 (1329)
8 1 9 3 62 (1809)
8 1 9 3 79 (1782)
8 1 9 82 3 (1673)
8 1 3 62 79 (1749)
8 1 82 3 62 (1673)
8 1 82 3 79 (1673)
1 9 3 62 79 (1896)
1 9 82 3 62 (2999)
1 9 3 92 62 (1358)
1 9 3 131 62 (1515)
1 9 82 3 79 (1673)
1 9 82 3 92 (1327)
1 9 82 3 131 (1325)
1 9 3 131 92 (1330)
16 1 17 3 14 (1286)
1 82 3 62 79 (1673)
1 82 3 92 62 (1327)
1 82 3 131 62 (1325)
1 3 131 92 62 (1348)
1 82 3 131 92 (1325)
8 1 9 62 79 (1749)
8 1 9 82 62 (1673)
8 1 9 82 79 (1673)
8 1 82 62 79 (1673)
1 9 82 62 79 (1673)
1 9 82 92 62 (1327)
1 9 82 131 62 (1325)
1 9 131 92 62 (1327)
1 9 82 131 92 (1325)
1 82 131 92 62 (1325)
8 9 3 62 79 (1808)
8 9 82 3 62 (1673)
8 9 82 3 79 (1673)
8 82 3 62 79 (1673)
9 82 3 62 79 (1676)
9 82 3 92 62 (1331)
9 82 3 131 62 (1327)
9 3 131 92 62 (1386)
9 82 3 131 92 (1327)
82 3 131 92 62 (1329)
8 9 82 62 79 (1674)
9 82 131 92 62 (1327)
0 8 1 9 3 62 (1809)
0 8 1 9 3 79 (1782)
0 8 1 9 82 3 (1673)
0 8 1 3 62 79 (1749)
0 8 1 82 3 62 (1673)
0 8 1 82 3 79 (1673)
0 1 9 3 62 79 (1896)
0 1 9 82 3 62 (2999)
0 1 9 3 92 62 (1358)
0 1 9 3 131 62 (1515)
0 1 9 82 3 79 (1673)
0 1 9 82 3 92 (1327)
0 1 9 82 3 131 (1325)
0 1 9 3 131 92 (1330)
0 16 1 17 3 14 (1286)
0 1 82 3 62 79 (1673)
0 1 82 3 92 62 (1327)
0 1 82 3 131 62 (1325)
0 1 3 131 92 62 (1348)
0 1 82 3 131 92 (1325)
0 8 1 9 62 79 (1749)
0 8 1 9 82 62 (1673)
0 8 1 9 82 79 (1673)
0 8 1 82 62 79 (1673)
0 1 9 82 62 79 (1673)
0 1 9 82 92 62 (1327)
0 1 9 82 131 62 (1325)
0 1 9 131 92 62 (1327)
0 1 9 82 131 92 (1325)
0 1 82 131 92 62 (1325)
0 8 9 3 62 79 (1808)
0 8 9 82 3 62 (1673)
0 8 9 82 3 79 (1673)
0 8 82 3 62 79 (1673)
0 9 82 3 62 79 (1676)
0 9 82 3 92 62 (1331)
0 9 82 3 131 62 (1327)
0 9 3 131 92 62 (1386)
0 9 82 3 131 92 (1327)
0 82 3 131 92 62 (1329)
0 8 9 82 62 79 (1674)
0 9 82 131 92 62 (1327)
8 1 9 3 62 79 (1749)
8 1 9 82 3 62 (1673)
8 1 9 82 3 79 (1673)
8 1 82 3 62 79 (1673)
1 9 82 3 62 79 (1673)
1 9 82 3 92 62 (1327)
1 9 82 3 131 62 (1325)
1 9 3 131 92 62 (1327)
1 9 82 3 131 92 (1325)
1 82 3 131 92 62 (1325)
8 1 9 82 62 79 (1673)
1 9 82 131 92 62 (1325)
8 9 82 3 62 79 (1673)
9 82 3 131 92 62 (1327)
0 1 3 8 9 62 79 (1749)
0 1 82 3 8 9 62 (1673)
0 1 82 3 8 9 79 (1673)
0 1 82 3 8 62 79 (1673)
0 1 82 3 9 62 79 (1673)
0 1 82 3 9 92 62 (1327)
0 1 82 3 131 9 62 (1325)
0 1 3 131 9 92 62 (1327)
0 1 82 3 131 9 92 (1325)
0 1 82 3 131 92 62 (1325)
0 1 82 8 9 62 79 (1673)
0 1 82 131 9 92 62 (1325)
0 82 3 8 9 62 79 (1673)
0 82 3 131 9 92 62 (1327)
1 82 3 8 9 62 79 (1673)
1 82 3 131 9 92 62 (1325)
0 1 82 3 8 9 62 79 (1673)
0 1 82 3 131 9 92 62 (1325)
