2 | 1 2 (1.0)
2 | 2 3 (0.5)
2 | 4 2 (1.0)
2 | 5 2 (0.25)
2 | 1 2 3 (0.5)
2 | 4 1 2 (1.0)
2 | 1 5 2 (0.25)
2 | 4 2 3 (0.5)
2 | 5 2 3 (0.25)
2 | 4 5 2 (0.25)
2 | 1 2 3 4 (0.5)
2 | 1 2 3 5 (0.25)
2 | 1 2 4 5 (0.25)
2 | 2 3 4 5 (0.25)
2 | 1 2 3 4 5 (0.25)
3 | 1 3 (1.0)
3 | 2 3 (0.5)
3 | 4 3 (0.75)
3 | 5 3 (0.75)
3 | 1 2 3 (0.5)
3 | 4 1 3 (0.75)
3 | 1 5 3 (0.75)
3 | 4 2 3 (0.5)
3 | 5 2 3 (0.25)
3 | 4 5 3 (0.5)
3 | 1 2 3 4 (0.5)
3 | 1 2 3 5 (0.25)
3 | 1 3 4 5 (0.5)
3 | 2 3 4 5 (0.25)
3 | 1 2 3 4 5 (0.25)
4 | 4 1 (1.0)
4 | 4 2 (0.8)
4 | 4 3 (0.6)
4 | 4 5 (0.4)
4 | 4 1 2 (0.8)
4 | 4 1 3 (0.6)
4 | 4 1 5 (0.4)
4 | 4 2 3 (0.4)
4 | 4 5 2 (0.2)
4 | 4 5 3 (0.4)
4 | 1 2 3 4 (0.4)
4 | 1 2 4 5 (0.2)
4 | 1 3 4 5 (0.4)
4 | 2 3 4 5 (0.2)
4 | 1 2 3 4 5 (0.2)
5 | 1 5 (1.0)
5 | 5 2 (0.3333333333333333)
5 | 5 3 (1.0)
5 | 4 5 (0.6666666666666666)
5 | 1 5 2 (0.3333333333333333)
5 | 1 5 3 (1.0)
5 | 4 1 5 (0.6666666666666666)
5 | 5 2 3 (0.3333333333333333)
5 | 4 5 2 (0.3333333333333333)
5 | 4 5 3 (0.6666666666666666)
5 | 1 2 3 5 (0.3333333333333333)
5 | 1 2 4 5 (0.3333333333333333)
5 | 1 3 4 5 (0.6666666666666666)
5 | 2 3 4 5 (0.3333333333333333)
5 | 1 2 3 4 5 (0.3333333333333333)
1 2 | 1 2 3 (0.5)
1 2 | 4 1 2 (1.0)
1 2 | 1 5 2 (0.25)
1 2 | 1 2 3 4 (0.5)
1 2 | 1 2 3 5 (0.25)
1 2 | 1 2 4 5 (0.25)
1 2 | 1 2 3 4 5 (0.25)
1 3 | 1 2 3 (0.5)
1 3 | 4 1 3 (0.75)
1 3 | 1 5 3 (0.75)
1 3 | 1 2 3 4 (0.5)
1 3 | 1 2 3 5 (0.25)
1 3 | 1 3 4 5 (0.5)
1 3 | 1 2 3 4 5 (0.25)
4 1 | 4 1 2 (0.8)
4 1 | 4 1 3 (0.6)
4 1 | 4 1 5 (0.4)
4 1 | 1 2 3 4 (0.4)
4 1 | 1 2 4 5 (0.2)
4 1 | 1 3 4 5 (0.4)
4 1 | 1 2 3 4 5 (0.2)
1 5 | 1 5 2 (0.3333333333333333)
1 5 | 1 5 3 (1.0)
1 5 | 4 1 5 (0.6666666666666666)
1 5 | 1 2 3 5 (0.3333333333333333)
1 5 | 1 2 4 5 (0.3333333333333333)
1 5 | 1 3 4 5 (0.6666666666666666)
1 5 | 1 2 3 4 5 (0.3333333333333333)
2 3 | 1 2 3 (1.0)
2 3 | 4 2 3 (1.0)
2 3 | 5 2 3 (0.5)
2 3 | 1 2 3 4 (1.0)
2 3 | 1 2 3 5 (0.5)
2 3 | 2 3 4 5 (0.5)
2 3 | 1 2 3 4 5 (0.5)
4 2 | 4 1 2 (1.0)
4 2 | 4 2 3 (0.5)
4 2 | 4 5 2 (0.25)
4 2 | 1 2 3 4 (0.5)
4 2 | 1 2 4 5 (0.25)
4 2 | 2 3 4 5 (0.25)
4 2 | 1 2 3 4 5 (0.25)
5 2 | 1 5 2 (1.0)
5 2 | 5 2 3 (1.0)
5 2 | 4 5 2 (1.0)
5 2 | 1 2 3 5 (1.0)
5 2 | 1 2 4 5 (1.0)
5 2 | 2 3 4 5 (1.0)
5 2 | 1 2 3 4 5 (1.0)
4 3 | 4 1 3 (1.0)
4 3 | 4 2 3 (0.6666666666666666)
4 3 | 4 5 3 (0.6666666666666666)
4 3 | 1 2 3 4 (0.6666666666666666)
4 3 | 1 3 4 5 (0.6666666666666666)
4 3 | 2 3 4 5 (0.3333333333333333)
4 3 | 1 2 3 4 5 (0.3333333333333333)
5 3 | 1 5 3 (1.0)
5 3 | 5 2 3 (0.3333333333333333)
5 3 | 4 5 3 (0.6666666666666666)
5 3 | 1 2 3 5 (0.3333333333333333)
5 3 | 1 3 4 5 (0.6666666666666666)
5 3 | 2 3 4 5 (0.3333333333333333)
5 3 | 1 2 3 4 5 (0.3333333333333333)
4 5 | 4 1 5 (1.0)
4 5 | 4 5 2 (0.5)
4 5 | 4 5 3 (1.0)
4 5 | 1 2 4 5 (0.5)
4 5 | 1 3 4 5 (1.0)
4 5 | 2 3 4 5 (0.5)
4 5 | 1 2 3 4 5 (0.5)
1 2 3 | 1 2 3 4 (1.0)
1 2 3 | 1 2 3 5 (0.5)
1 2 3 | 1 2 3 4 5 (0.5)
4 1 2 | 1 2 3 4 (0.5)
4 1 2 | 1 2 4 5 (0.25)
4 1 2 | 1 2 3 4 5 (0.25)
1 5 2 | 1 2 3 5 (1.0)
1 5 2 | 1 2 4 5 (1.0)
1 5 2 | 1 2 3 4 5 (1.0)
4 1 3 | 1 2 3 4 (0.6666666666666666)
4 1 3 | 1 3 4 5 (0.6666666666666666)
4 1 3 | 1 2 3 4 5 (0.3333333333333333)
1 5 3 | 1 2 3 5 (0.3333333333333333)
1 5 3 | 1 3 4 5 (0.6666666666666666)
1 5 3 | 1 2 3 4 5 (0.3333333333333333)
4 1 5 | 1 2 4 5 (0.5)
4 1 5 | 1 3 4 5 (1.0)
4 1 5 | 1 2 3 4 5 (0.5)
4 2 3 | 1 2 3 4 (1.0)
4 2 3 | 2 3 4 5 (0.5)
4 2 3 | 1 2 3 4 5 (0.5)
5 2 3 | 1 2 3 5 (1.0)
5 2 3 | 2 3 4 5 (1.0)
5 2 3 | 1 2 3 4 5 (1.0)
4 5 2 | 1 2 4 5 (1.0)
4 5 2 | 2 3 4 5 (1.0)
4 5 2 | 1 2 3 4 5 (1.0)
4 5 3 | 1 3 4 5 (1.0)
4 5 3 | 2 3 4 5 (0.5)
4 5 3 | 1 2 3 4 5 (0.5)
1 2 3 4 | 1 2 3 4 5 (0.5)
1 2 3 5 | 1 2 3 4 5 (1.0)
1 2 4 5 | 1 2 3 4 5 (1.0)
1 3 4 5 | 1 2 3 4 5 (0.5)
2 3 4 5 | 1 2 3 4 5 (1.0)
