22 | 12 22 (0.016352968514000234)
22 | 22 23 (0.06605088881143255)
22 | 32 22 (0.02617055884744975)
22 | 33 22 (0.017776228651097944)
22 | 22 38 (0.08556988497734402)
22 | 40 22 (0.012518879981410479)
22 | 44 22 (0.010137097711165331)
22 | 53 22 (0.03107935401417451)
22 | 57 22 (0.01731149064714767)
22 | 22 66 (0.00970140583246195)
22 | 22 70 (0.01731149064714767)
22 | 22 71 (0.018909027535726736)
22 | 72 22 (0.010108051585918439)
22 | 22 75 (0.03810851632392239)
22 | 77 22 (0.010340420587893575)
22 | 22 82 (0.018357151156035784)
22 | 22 83 (0.01519112350412455)
22 | 84 22 (0.029046125246892065)
22 | 22 94 (0.011589403973509934)
22 | 113 22 (0.014000232369001974)
22 | 116 22 (0.038486115952131986)
22 | 22 122 (0.03154409201812478)
22 | 124 22 (0.014813523875914954)
22 | 125 22 (0.011705588474497501)
22 | 22 126 (0.018502381782270247)
22 | 22 127 (0.015016846752643198)
22 | 22 130 (0.008539560822586266)
22 | 132 22 (0.016498199140234693)
22 | 136 22 (0.021726501684675263)
22 | 137 22 (0.01914139653770187)
22 | 22 142 (0.009381898454746136)
22 | 144 22 (0.01980945741838039)
22 | 22 147 (0.010718020216103172)
22 | 149 22 (0.014958754502149414)
22 | 161 22 (0.008655745323573836)
22 | 22 175 (0.012867433484373185)
22 | 22 182 (0.008626699198326943)
22 | 22 194 (0.008423376321598699)
22 | 201 22 (0.019228534913442546)
22 | 22 203 (0.016556291390728478)
22 | 220 22 (0.0146392471244336)
22 | 22 242 (0.01124085047054723)
22 | 22 279 (0.008800975949808295)
22 | 22 314 (0.020767979551527826)
22 | 22 319 (0.01786336702683862)
22 | 336 22 (0.02701289647960962)
22 | 22 343 (0.009672359707215058)
22 | 22 351 (0.01629487626350645)
22 | 352 22 (0.020332287672824446)
22 | 22 359 (0.010108051585918439)
22 | 365 22 (0.011211804345300337)
22 | 376 22 (0.02785523411176949)
22 | 385 22 (0.018473335657023353)
22 | 408 22 (0.011618450098756826)
22 | 421 22 (0.008946206576042755)
22 | 22 426 (0.04110026722435227)
22 | 22 427 (0.00900429882653654)
22 | 22 431 (0.014900662251655629)
22 | 22 442 (0.010630881840362495)
22 | 449 22 (0.021290809805971884)
22 | 488 22 (0.011327988846287905)
22 | 22 494 (0.026751481352387592)
22 | 22 495 (0.026083420471709074)
22 | 22 498 (0.022133147438131752)
22 | 22 503 (0.0073196235622168)
22 | 528 22 (0.02053561054955269)
22 | 529 22 (0.010863250842337632)
22 | 22 530 (0.014000232369001974)
22 | 569 22 (0.009207621703264784)
22 | 573 22 (0.012606018357151156)
22 | 22 578 (0.01295457186011386)
22 | 22 594 (0.019083304287208086)
22 | 22 595 (0.021871732310909723)
22 | 22 598 (0.0190252120367143)
22 | 22 622 (0.011066573719065876)
22 | 22 623 (0.011937957476472638)
22 | 22 630 (0.009904728709190194)
22 | 22 634 (0.01887998141047984)
22 | 640 22 (0.015510630881840362)
22 | 648 22 (0.015249215754618333)
22 | 22 651 (0.01519112350412455)
22 | 22 659 (0.014406878122458463)
22 | 661 22 (0.04993028929940746)
22 | 665 22 (0.009120483327524109)
22 | 22 666 (0.023875914952945276)
22 | 700 22 (0.02759381898454746)
22 | 701 22 (0.020303241547577552)
22 | 22 703 (0.01591727663529685)
22 | 22 710 (0.023033577320785408)
22 | 713 22 (0.01629487626350645)
22 | 22 715 (0.021465086557453234)
22 | 22 723 (0.011705588474497501)
22 | 728 22 (0.01028232833739979)
22 | 729 22 (0.013012664110607645)
22 | 22 730 (0.008103868943882885)
22 | 741 22 (0.01068897409085628)
22 | 764 22 (0.010718020216103172)
22 | 784 22 (0.00955617520622749)
22 | 789 22 (0.018240966655048218)
22 | 800 22 (0.015568723132334147)
22 | 22 806 (0.009265713953758569)
22 | 22 810 (0.014058324619495759)
22 | 817 22 (0.014000232369001974)
22 | 22 846 (0.008249099570117347)
22 | 849 22 (0.014813523875914954)
22 | 22 866 (0.016817706517950507)
22 | 900 22 (0.008220053444870454)
22 | 917 22 (0.009614267456721273)
22 | 921 22 (0.012025095852213315)
22 | 22 930 (0.01449401649819914)
22 | 936 22 (0.009498082955733705)
22 | 941 22 (0.03822470082490996)
22 | 944 22 (0.018444289531776462)
22 | 22 946 (0.0164691530149878)
22 | 22 947 (0.014203555245730219)
22 | 22 954 (0.015423492506099687)
22 | 22 967 (0.010311374462646683)
22 | 972 22 (0.013186940862088997)
22 | 22 998 (0.018357151156035784)
22 | 1000 22 (0.010630881840362495)
22 | 22 1010 (0.012431741605669804)
22 | 22 1030 (0.01295457186011386)
22 | 1032 22 (0.010456605088881143)
22 | 22 1066 (0.008626699198326943)
22 | 1084 22 (0.008917160450795865)
22 | 1092 22 (0.012344603229929127)
22 | 1097 22 (0.012722202858138723)
22 | 22 1123 (0.008830022075055188)
22 | 22 1126 (0.010311374462646683)
22 | 1128 22 (0.01760195189961659)
22 | 22 1131 (0.011037527593818985)
22 | 1136 22 (0.015103985128383873)
22 | 22 1147 (0.01068897409085628)
22 | 1165 22 (0.013622632740792378)
22 | 22 1187 (0.009352852329499246)
22 | 1197 22 (0.010049959335424654)
22 | 22 1259 (0.0128093412338794)
22 | 1272 22 (0.007551992564191937)
22 | 1277 22 (0.009062391077030324)
22 | 1377 22 (0.01957708841640525)
22 | 22 1386 (0.011153712094806553)
22 | 1420 22 (0.014290693621470896)
22 | 22 1423 (0.008423376321598699)
22 | 22 1442 (0.02277216219356338)
22 | 1452 22 (0.014174509120483328)
22 | 1472 22 (0.010863250842337632)
22 | 22 1495 (0.024950621587080283)
22 | 1540 22 (0.014203555245730219)
22 | 1557 22 (0.00871383757406762)
22 | 22 1595 (0.02532822121528988)
22 | 22 1606 (0.008365284071104914)
22 | 22 1607 (0.014319739746717788)
22 | 1613 22 (0.011996049726966423)
22 | 1621 22 (0.008249099570117347)
22 | 22 1634 (0.008423376321598699)
22 | 22 1635 (0.013157894736842105)
22 | 22 1658 (0.02364354595097014)
22 | 22 1691 (0.010195189961659116)
22 | 22 1830 (0.00999186708493087)
22 | 1877 22 (0.008336237945858022)
22 | 22 1898 (0.010049959335424654)
22 | 1928 22 (0.008568606947833159)
22 | 22 1930 (0.009178575578017892)
22 | 22 1978 (0.010195189961659116)
22 | 22 2015 (0.01068897409085628)
22 | 22 2031 (0.018240966655048218)
22 | 22 2178 (0.01614964563727199)
22 | 2180 22 (0.011037527593818985)
22 | 2205 22 (0.00943999070523992)
22 | 2217 22 (0.014261647496224003)
22 | 2228 22 (0.01083420471709074)
22 | 22 2275 (0.02381782270245149)
22 | 22 2278 (0.011008481468572093)
22 | 22 2306 (0.009352852329499246)
22 | 22 2322 (0.014900662251655629)
22 | 22 2323 (0.008394330196351807)
22 | 2452 22 (0.01138608109678169)
22 | 22 2482 (0.008946206576042755)
22 | 2492 22 (0.01658533751597537)
22 | 22 2499 (0.014668293249680492)
22 | 2533 22 (0.008191007319623562)
22 | 22 2570 (0.013535494365051703)
22 | 2580 22 (0.0066806088067851745)
22 | 22 2631 (0.017108167770419427)
22 | 22 2639 (0.01588823051004996)
22 | 2640 22 (0.01661438364122226)
22 | 2665 22 (0.00830719182061113)
22 | 22 2674 (0.011908911351225746)
22 | 2716 22 (0.008888114325548972)
22 | 22 2735 (0.008568606947833159)
22 | 22 2738 (0.013971186243755084)
22 | 22 2746 (0.016788660392703613)
22 | 2809 22 (0.00900429882653654)
22 | 22 2850 (0.046648077146508655)
22 | 22 2907 (0.013942140118508192)
22 | 2924 22 (0.014435924247705356)
22 | 2937 22 (0.007522946438945044)
22 | 22 3074 (0.008655745323573836)
22 | 3168 22 (0.00874288369931451)
22 | 3305 22 (0.012199372603694667)
22 | 3592 22 (0.009962820959683979)
22 | 3669 22 (0.012722202858138723)
22 | 22 3694 (0.01603346113628442)
22 | 22 4175 (0.012170326478447775)
22 | 4441 22 (0.01153131172301615)
22 | 22 5359 (0.014813523875914954)
22 | 22 6330 (0.01307075636110143)
22 | 22 6818 (0.011182758220053445)
22 | 22 7162 (0.011008481468572093)
22 | 7948 22 (0.013825955617520622)
22 | 22 8423 (0.012402695480422912)
22 | 9213 22 (0.01870570465899849)
22 | 15732 22 (0.014958754502149414)
22 | 15733 22 (0.01644010688974091)
22 | 22 15734 (0.015859184384803066)
22 | 22 38 23 (0.005867317299872197)
22 | 22 426 23 (0.004589287789008946)
22 | 376 22 38 (0.00717439293598234)
22 | 661 22 38 (0.008220053444870454)
22 | 22 38 1635 (0.00450214941326827)
22 | 2217 22 38 (0.01042755896363425)
22 | 22 38 2631 (0.0047345184152434066)
22 | 22 38 2850 (0.010340420587893575)
22 | 22 710 71 (0.004821656790984083)
22 | 22 75 2639 (0.005170210293946788)
22 | 2640 22 75 (0.00534448704542814)
22 | 22 82 5359 (0.005518763796909493)
22 | 385 22 1595 (0.004531195538515162)
22 | 22 494 495 (0.024514929708376904)
22 | 2492 22 498 (0.01533635413035901)
22 | 9213 22 498 (0.015946322760543745)
22 | 15732 22 498 (0.013825955617520622)
22 | 15733 22 498 (0.015307308005112118)
22 | 22 498 15734 (0.01548158475659347)
22 | 640 22 651 (0.013622632740792378)
22 | 661 22 1010 (0.004821656790984083)
22 | 665 22 666 (0.004618333914255838)
22 | 22 666 2275 (0.004705472289996514)
22 | 700 701 22 (0.014203555245730219)
22 | 941 22 1635 (0.00618682467758801)
22 | 941 22 2850 (0.006303009178575578)
22 | 1613 3305 22 (0.007639130939932613)
22 | 2217 22 2850 (0.0128093412338794)
22 | 2492 9213 22 (0.01533635413035901)
22 | 2492 15732 22 (0.014958754502149414)
22 | 2492 15733 22 (0.01644010688974091)
22 | 2492 22 15734 (0.01519112350412455)
22 | 22 2850 2631 (0.005024979667712327)
22 | 2640 22 2639 (0.012983617985360752)
22 | 7948 22 2850 (0.009323806204252353)
22 | 4441 22 6330 (0.008626699198326943)
22 | 15732 9213 22 (0.013825955617520622)
22 | 9213 15733 22 (0.015307308005112118)
22 | 9213 22 15734 (0.015830138259556176)
22 | 15732 15733 22 (0.014958754502149414)
22 | 15732 22 15734 (0.01376786336702684)
22 | 15733 22 15734 (0.015162077378877658)
22 | 2217 2850 22 38 (0.009498082955733705)
22 | 2640 75 22 2639 (0.0046473800395027305)
22 | 498 2492 9213 22 (0.01533635413035901)
22 | 498 2492 15732 22 (0.013825955617520622)
22 | 498 2492 15733 22 (0.015307308005112118)
22 | 498 2492 22 15734 (0.015162077378877658)
22 | 498 15732 9213 22 (0.013825955617520622)
22 | 498 9213 15733 22 (0.015307308005112118)
22 | 498 9213 22 15734 (0.01548158475659347)
22 | 498 15732 15733 22 (0.013825955617520622)
22 | 498 15732 22 15734 (0.013738817241779947)
22 | 498 15733 22 15734 (0.015133031253630766)
22 | 2492 15732 9213 22 (0.013825955617520622)
22 | 2492 9213 15733 22 (0.015307308005112118)
22 | 2492 9213 22 15734 (0.015162077378877658)
22 | 2492 15732 15733 22 (0.014958754502149414)
22 | 2492 15732 22 15734 (0.01376786336702684)
22 | 2492 15733 22 15734 (0.015162077378877658)
22 | 15732 9213 15733 22 (0.013825955617520622)
22 | 15732 9213 22 15734 (0.013738817241779947)
22 | 9213 15733 22 15734 (0.015133031253630766)
22 | 15732 15733 22 15734 (0.01376786336702684)
22 | 498 2492 15732 9213 22 (0.013825955617520622)
22 | 498 2492 9213 15733 22 (0.015307308005112118)
22 | 498 2492 9213 22 15734 (0.015162077378877658)
22 | 498 2492 15732 15733 22 (0.013825955617520622)
22 | 498 2492 15732 22 15734 (0.013738817241779947)
22 | 498 2492 15733 22 15734 (0.015133031253630766)
22 | 498 15732 9213 15733 22 (0.013825955617520622)
22 | 498 15732 9213 22 15734 (0.013738817241779947)
22 | 498 9213 15733 22 15734 (0.015133031253630766)
22 | 498 15732 15733 22 15734 (0.013738817241779947)
22 | 2492 15732 9213 15733 22 (0.013825955617520622)
22 | 2492 15732 9213 22 15734 (0.013738817241779947)
22 | 2492 9213 15733 22 15734 (0.015133031253630766)
22 | 2492 15732 15733 22 15734 (0.01376786336702684)
22 | 15732 9213 15733 22 15734 (0.013738817241779947)
22 | 498 2492 15732 9213 15733 22 (0.013825955617520622)
22 | 498 2492 15732 9213 22 15734 (0.013738817241779947)
22 | 498 2492 9213 15733 22 15734 (0.015133031253630766)
22 | 498 2492 15732 15733 22 15734 (0.013738817241779947)
22 | 498 15732 9213 15733 22 15734 (0.013738817241779947)
22 | 2492 15732 9213 15733 22 15734 (0.013738817241779947)
22 | 498 15732 15733 22 15734 2492 9213 (0.013738817241779947)
23 | 22 23 (0.7623198122695273)
23 | 38 23 (0.07106939322829367)
23 | 194 23 (0.1485082132081797)
23 | 426 23 (0.06972846128059002)
23 | 634 23 (0.06067717063359034)
23 | 661 23 (0.05732484076433121)
23 | 22 38 23 (0.06771706335903453)
23 | 22 426 23 (0.05296681193429433)
32 | 32 22 (0.7421746293245469)
32 | 32 194 (0.17545304777594728)
33 | 33 22 (0.7707808564231738)
38 | 22 38 (0.9095399814757641)
38 | 38 23 (0.06545230009262118)
38 | 38 194 (0.06946588453226304)
38 | 376 38 (0.0793454769990738)
38 | 661 38 (0.09601728928681692)
38 | 38 1635 (0.051867860450756406)
38 | 2217 38 (0.12318616857054647)
38 | 38 2631 (0.06606977462179685)
38 | 38 2850 (0.12380364309972214)
38 | 22 38 23 (0.062364927446742824)
38 | 376 22 38 (0.07625810435319542)
38 | 661 22 38 (0.08737264587835752)
38 | 22 38 1635 (0.04785427601111454)
38 | 2217 22 38 (0.11083667798703303)
38 | 22 38 2631 (0.05032417412781723)
38 | 22 38 2850 (0.10991046619326952)
38 | 2217 38 2631 (0.04754553874652671)
38 | 2217 38 2850 (0.10744056807656684)
38 | 38 2850 2631 (0.05742513121333745)
38 | 2217 2850 22 38 (0.1009570855202223)
40 | 40 22 (0.7574692442882249)
44 | 44 22 (0.6634980988593155)
53 | 53 22 (0.6335109532267614)
53 | 53 147 (0.08940201302545885)
53 | 53 194 (0.17761989342806395)
57 | 57 22 (0.7621483375959079)
66 | 22 66 (0.7625570776255708)
66 | 336 66 (0.3470319634703196)
70 | 22 70 (0.7563451776649747)
71 | 22 71 (0.7273743016759776)
71 | 194 71 (0.17094972067039105)
71 | 710 71 (0.23687150837988827)
71 | 22 710 71 (0.18547486033519553)
72 | 72 22 (0.87)
75 | 22 75 (0.6666666666666666)
75 | 194 75 (0.18241869918699186)
75 | 75 279 (0.08282520325203252)
75 | 846 75 (0.19308943089430894)
75 | 1613 75 (0.09247967479674797)
75 | 75 2639 (0.19258130081300814)
75 | 2640 75 (0.19867886178861788)
75 | 3305 75 (0.09349593495934959)
75 | 7162 75 (0.09349593495934959)
75 | 22 75 2639 (0.09044715447154472)
75 | 2640 22 75 (0.09349593495934959)
75 | 846 75 2639 (0.1285569105691057)
75 | 2640 846 75 (0.1285569105691057)
75 | 1613 3305 75 (0.08434959349593496)
75 | 2640 75 2639 (0.1798780487804878)
75 | 2640 75 22 2639 (0.08130081300813008)
75 | 2640 75 846 2639 (0.12195121951219512)
77 | 77 22 (0.717741935483871)
82 | 22 82 (0.7632850241545893)
82 | 82 5359 (0.28743961352657005)
82 | 22 82 5359 (0.22946859903381642)
83 | 22 83 (0.7067567567567568)
83 | 194 83 (0.20270270270270271)
84 | 84 22 (0.7396449704142012)
84 | 84 194 (0.1804733727810651)
94 | 22 94 (0.7457943925233644)
113 | 113 22 (0.7449768160741885)
116 | 116 22 (0.6973684210526315)
116 | 116 194 (0.19)
122 | 22 122 (0.8086373790022338)
122 | 122 194 (0.12509307520476545)
124 | 124 22 (0.8732876712328768)
125 | 125 22 (0.7313974591651543)
126 | 22 126 (0.754739336492891)
127 | 22 127 (0.699594046008119)
127 | 194 127 (0.2029769959404601)
22 23 | 22 38 23 (0.08883025505716799)
22 23 | 22 426 23 (0.06948109058927)
22 38 | 22 38 23 (0.06856754921928038)
22 38 | 376 22 38 (0.08384249830278344)
22 38 | 661 22 38 (0.09606245756958588)
22 38 | 22 38 1635 (0.052613713509843854)
22 38 | 2217 22 38 (0.1218601493550577)
22 38 | 22 38 2631 (0.055329260013577734)
22 38 | 22 38 2850 (0.1208418194161575)
22 38 | 2217 2850 22 38 (0.1109979633401222)
22 71 | 22 710 71 (0.25499231950844853)
22 75 | 22 75 2639 (0.13567073170731708)
22 75 | 2640 22 75 (0.1402439024390244)
22 75 | 2640 75 22 2639 (0.12195121951219512)
22 82 | 22 82 5359 (0.30063291139240506)
38 23 | 22 38 23 (0.9528301886792453)
